7
1.688.15D.X:17005301-17005622 0.000000 0.254658 0.226708 0.270186 0.380645 0.239130 0.384615
1.688.15D.X:17005623-17005975 0.254658 0.000000 0.087819 0.100575 0.122581 0.123209 0.025641
1.688.15D.X:17005976-17006332 0.226708 0.087819 0.000000 0.083333 0.070968 0.137536 0.025641
1.688.15D.X:17006333-17006680 0.270186 0.100575 0.083333 0.000000 0.090323 0.112069 0.025641
1.688.15D.X:17006681-17006835 0.380645 0.122581 0.070968 0.090323 0.000000 0.180645 0.025641
1.688.15D.X:17006882-17007230 0.239130 0.123209 0.137536 0.112069 0.180645 0.000000 0.025641
1.688.15D.X:17007231-17007269 0.384615 0.025641 0.025641 0.025641 0.025641 0.025641 0.000000
