7
1.688.6B.X:6581375-6581498 0.000000 0.301887 0.024194 0.311321 0.024194 0.032258 0.691489
1.688.6B.X:6581523-6581628 0.301887 0.000000 0.311321 0.009434 0.311321 0.311321 0.702128
1.688.6B.X:6581752-6581875 0.024194 0.311321 0.000000 0.320755 0.000000 0.032258 0.702128
1.688.6B.X:6581900-6582005 0.311321 0.009434 0.320755 0.000000 0.320755 0.320755 0.702128
1.688.6B.X:6582129-6582252 0.024194 0.311321 0.000000 0.320755 0.000000 0.032258 0.702128
1.688.6B.X:6582308-6582431 0.032258 0.311321 0.032258 0.320755 0.032258 0.000000 0.723404
1.688.6B.X:6582435-6582528 0.691489 0.702128 0.702128 0.702128 0.702128 0.723404 0.000000
