87
1.688.12E.X:14464794-14464849 0.000000 0.694444 0.678571 0.678571 0.714286 0.642857 0.660714 0.607143 0.678571 0.696429 0.660714 0.660714 0.660714 0.660714 0.660714 0.660714 0.660714 0.660714 0.678571 0.660714 0.660714 0.660714 0.660714 0.642857 0.696429 0.642857 0.678571 0.660714 0.660714 0.660714 0.660714 0.660714 0.660714 0.660714 0.678571 0.678571 0.678571 0.660714 0.660714 0.660714 0.660714 0.660714 0.660714 0.660714 0.625000 0.660714 0.660714 0.660714 0.660714 0.660714 0.660714 0.660714 0.660714 0.660714 0.660714 0.660714 0.660714 0.660714 0.660714 0.660714 0.660714 0.660714 0.660714 0.660714 0.660714 0.660714 0.660714 0.660714 0.660714 0.660714 0.660714 0.660714 0.660714 0.660714 0.660714 0.660714 0.660714 0.660714 0.660714 0.660714 0.660714 0.660714 0.660714 0.642857 0.625000 0.625000 0.660714
1.688.12E.X:14464865-14464900 0.694444 0.000000 0.000000 0.611111 0.000000 0.083333 0.000000 0.027778 0.000000 0.027778 0.000000 0.027778 0.000000 0.027778 0.000000 0.000000 0.000000 0.027778 0.000000 0.027778 0.000000 0.027778 0.000000 0.027778 0.000000 0.000000 0.000000 0.000000 0.000000 0.000000 0.000000 0.000000 0.000000 0.000000 0.027778 0.000000 0.166667 0.027778 0.027778 0.027778 0.027778 0.027778 0.027778 0.027778 0.027778 0.027778 0.027778 0.027778 0.027778 0.027778 0.027778 0.027778 0.027778 0.027778 0.027778 0.027778 0.027778 0.027778 0.027778 0.027778 0.027778 0.027778 0.027778 0.027778 0.027778 0.027778 0.027778 0.027778 0.027778 0.027778 0.027778 0.027778 0.027778 0.027778 0.027778 0.027778 0.027778 0.027778 0.027778 0.027778 0.027778 0.027778 0.027778 0.027778 0.194444 0.027778 0.583333
1.688.12E.X:14465110-14465417 0.678571 0.000000 0.000000 0.392670 0.000000 0.019481 0.025974 0.087662 0.084416 0.084416 0.061688 0.064935 0.081169 0.094156 0.061688 0.058442 0.061688 0.068182 0.100649 0.064935 0.081169 0.064935 0.087662 0.074675 0.074675 0.064935 0.012987 0.081169 0.064935 0.081169 0.064935 0.097403 0.100649 0.061688 0.103896 0.139610 0.103896 0.139610 0.123377 0.149351 0.110390 0.123377 0.103896 0.103896 0.133117 0.103896 0.113636 0.097403 0.123377 0.123377 0.116883 0.103896 0.097403 0.103896 0.113636 0.123377 0.116883 0.103896 0.103896 0.103896 0.103896 0.116883 0.103896 0.116883 0.103896 0.103896 0.103896 0.103896 0.116883 0.103896 0.103896 0.113636 0.103896 0.103896 0.103896 0.103896 0.113636 0.103896 0.113636 0.103896 0.113636 0.152597 0.126623 0.155844 0.201299 0.259740 0.609467
1.688.12E.X:14465420-14465610 0.678571 0.611111 0.392670 0.000000 0.660000 0.392670 0.392670 0.068063 0.068063 0.198953 0.047120 0.036649 0.047120 0.089005 0.047120 0.036649 0.041885 0.036649 0.057592 0.041885 0.047120 0.036649 0.068063 0.052356 0.078534 0.047120 0.392670 0.026178 0.047120 0.036649 0.031414 0.057592 0.047120 0.036649 0.125654 0.083770 0.078534 0.083770 0.089005 0.068063 0.099476 0.062827 0.146597 0.089005 0.141361 0.099476 0.052356 0.083770 0.068063 0.094241 0.120419 0.062827 0.136126 0.099476 0.083770 0.104712 0.094241 0.068063 0.099476 0.125654 0.089005 0.141361 0.068063 0.120419 0.068063 0.068063 0.068063 0.089005 0.089005 0.099476 0.094241 0.083770 0.099476 0.094241 0.068063 0.068063 0.073298 0.094241 0.083770 0.099476 0.083770 0.162304 0.062827 0.246073 0.099476 0.157068 0.319527
1.688.12E.X:14465618-14465717 0.714286 0.000000 0.000000 0.660000 0.000000 0.030000 0.000000 0.010000 0.000000 0.010000 0.000000 0.010000 0.010000 0.010000 0.000000 0.000000 0.000000 0.020000 0.060000 0.010000 0.000000 0.010000 0.000000 0.020000 0.000000 0.000000 0.000000 0.010000 0.000000 0.000000 0.000000 0.000000 0.000000 0.000000 0.010000 0.000000 0.060000 0.020000 0.020000 0.020000 0.020000 0.080000 0.020000 0.020000 0.020000 0.020000 0.020000 0.020000 0.020000 0.020000 0.020000 0.020000 0.020000 0.020000 0.020000 0.020000 0.020000 0.020000 0.020000 0.020000 0.020000 0.020000 0.020000 0.020000 0.020000 0.020000 0.020000 0.020000 0.020000 0.020000 0.020000 0.020000 0.020000 0.020000 0.020000 0.020000 0.020000 0.020000 0.020000 0.020000 0.020000 0.080000 0.080000 0.020000 0.090000 0.200000 0.690000
1.688.12E.X:14465920-14466227 0.642857 0.083333 0.019481 0.392670 0.030000 0.000000 0.029221 0.100649 0.103896 0.087662 0.081169 0.071429 0.087662 0.107143 0.081169 0.077922 0.081169 0.074675 0.107143 0.077922 0.100649 0.071429 0.094156 0.081169 0.081169 0.084416 0.019481 0.097403 0.084416 0.094156 0.071429 0.113636 0.110390 0.074675 0.107143 0.149351 0.113636 0.149351 0.133117 0.159091 0.120130 0.133117 0.113636 0.113636 0.142857 0.113636 0.123377 0.107143 0.133117 0.133117 0.126623 0.113636 0.107143 0.113636 0.123377 0.133117 0.126623 0.113636 0.113636 0.113636 0.113636 0.126623 0.113636 0.126623 0.113636 0.113636 0.113636 0.113636 0.126623 0.113636 0.113636 0.123377 0.113636 0.113636 0.113636 0.113636 0.123377 0.113636 0.123377 0.113636 0.123377 0.162338 0.136364 0.165584 0.207792 0.266234 0.674556
1.688.12E.X:14466429-14466736 0.660714 0.000000 0.025974 0.392670 0.000000 0.029221 0.000000 0.110390 0.107143 0.100649 0.087662 0.081169 0.090909 0.120130 0.087662 0.084416 0.087662 0.084416 0.110390 0.090909 0.103896 0.081169 0.097403 0.090909 0.084416 0.090909 0.022727 0.103896 0.090909 0.097403 0.074675 0.120130 0.116883 0.077922 0.120130 0.152597 0.120130 0.155844 0.139610 0.165584 0.123377 0.139610 0.120130 0.120130 0.149351 0.120130 0.133117 0.116883 0.139610 0.139610 0.133117 0.120130 0.116883 0.120130 0.129870 0.139610 0.133117 0.120130 0.120130 0.120130 0.120130 0.133117 0.120130 0.133117 0.120130 0.120130 0.120130 0.120130 0.133117 0.120130 0.120130 0.129870 0.120130 0.120130 0.120130 0.120130 0.129870 0.120130 0.129870 0.120130 0.129870 0.168831 0.142857 0.172078 0.224026 0.272727 0.603550
1.688.12E.X:14466739-14467097 0.607143 0.027778 0.087662 0.068063 0.010000 0.100649 0.110390 0.000000 0.002786 0.127660 0.047354 0.047354 0.066852 0.067227 0.047354 0.041783 0.044568 0.050139 0.083799 0.047354 0.061453 0.047354 0.069832 0.058496 0.072626 0.050139 0.100649 0.061453 0.047354 0.050279 0.047354 0.072829 0.072829 0.044568 0.126437 0.095775 0.065341 0.099432 0.075630 0.109551 0.070822 0.094708 0.082153 0.089136 0.088068 0.066852 0.080780 0.058496 0.097765 0.078212 0.086592 0.077994 0.076487 0.077994 0.089136 0.094972 0.094708 0.080780 0.077994 0.079096 0.081690 0.089636 0.080780 0.075419 0.080780 0.080780 0.080780 0.081690 0.091922 0.066852 0.084507 0.089136 0.066852 0.084507 0.080780 0.080780 0.087571 0.084507 0.089136 0.066852 0.089136 0.115493 0.097493 0.160920 0.123944 0.344828 0.313609
1.688.12E.X:14467100-14467458 0.678571 0.000000 0.084416 0.068063 0.000000 0.103896 0.107143 0.002786 0.000000 0.124620 0.044568 0.044568 0.064067 0.064426 0.044568 0.038997 0.041783 0.047354 0.081006 0.044568 0.058659 0.044568 0.067039 0.055710 0.069832 0.047354 0.097403 0.058659 0.044568 0.047486 0.044568 0.070028 0.070028 0.041783 0.123563 0.092958 0.062500 0.096591 0.072829 0.106742 0.067989 0.091922 0.079320 0.086351 0.085227 0.064067 0.077994 0.055710 0.094972 0.075419 0.083799 0.075209 0.073654 0.075209 0.086351 0.092179 0.091922 0.077994 0.075209 0.076271 0.078873 0.086835 0.077994 0.072626 0.077994 0.077994 0.077994 0.078873 0.089136 0.064067 0.081690 0.086351 0.064067 0.081690 0.077994 0.077994 0.084746 0.081690 0.086351 0.064067 0.086351 0.112676 0.094708 0.158046 0.123944 0.344828 0.313609
1.688.12E.X:14467461-14467789 0.696429 0.027778 0.084416 0.198953 0.010000 0.087662 0.100649 0.127660 0.124620 0.000000 0.048632 0.039514 0.060790 0.136778 0.048632 0.042553 0.045593 0.042553 0.130699 0.042553 0.112462 0.039514 0.130699 0.051672 0.127660 0.051672 0.087662 0.097264 0.048632 0.121581 0.039514 0.112462 0.109422 0.042553 0.094225 0.145897 0.103343 0.145897 0.063830 0.155015 0.109422 0.088146 0.088146 0.069909 0.155015 0.127660 0.145897 0.121581 0.066869 0.145897 0.139818 0.069909 0.124620 0.072948 0.145897 0.145897 0.148936 0.072948 0.072948 0.127660 0.085106 0.142857 0.072948 0.139818 0.072948 0.072948 0.072948 0.085106 0.148936 0.127660 0.133739 0.145897 0.127660 0.133739 0.072948 0.072948 0.145897 0.133739 0.145897 0.127660 0.145897 0.176292 0.091185 0.176292 0.191489 0.352584 0.431953
1.688.12E.X:14467792-14468150 0.660714 0.000000 0.061688 0.047120 0.000000 0.081169 0.087662 0.047354 0.044568 0.048632 0.000000 0.011142 0.025070 0.022409 0.000000 0.005571 0.002786 0.013928 0.041899 0.005571 0.013966 0.011142 0.027933 0.016713 0.030726 0.008357 0.074675 0.025140 0.005571 0.022346 0.011142 0.033613 0.033613 0.008357 0.097701 0.059155 0.056818 0.068182 0.072829 0.075843 0.065156 0.061281 0.070822 0.058496 0.082386 0.064067 0.052925 0.055710 0.064246 0.075419 0.072626 0.044568 0.065156 0.064067 0.055710 0.075419 0.055710 0.047354 0.064067 0.062147 0.045070 0.081232 0.047354 0.072626 0.047354 0.047354 0.047354 0.045070 0.058496 0.064067 0.047887 0.055710 0.064067 0.047887 0.047354 0.047354 0.050847 0.047887 0.055710 0.064067 0.055710 0.101408 0.064067 0.129310 0.135211 0.324713 0.319527
1.688.12E.X:14468153-14468511 0.660714 0.027778 0.064935 0.036649 0.010000 0.071429 0.081169 0.047354 0.044568 0.039514 0.011142 0.000000 0.025070 0.025210 0.011142 0.005571 0.008357 0.002786 0.041899 0.005571 0.025140 0.000000 0.027933 0.011142 0.030726 0.013928 0.071429 0.022346 0.011142 0.016760 0.005571 0.033613 0.033613 0.002786 0.094828 0.064789 0.056818 0.068182 0.070028 0.073034 0.065156 0.058496 0.070822 0.055710 0.082386 0.061281 0.050139 0.052925 0.061453 0.072626 0.069832 0.041783 0.065156 0.061281 0.052925 0.078212 0.058496 0.044568 0.061281 0.062147 0.045070 0.078431 0.044568 0.069832 0.044568 0.044568 0.044568 0.045070 0.055710 0.061281 0.047887 0.052925 0.061281 0.047887 0.044568 0.044568 0.050847 0.047887 0.052925 0.061281 0.052925 0.101408 0.061281 0.129310 0.135211 0.321839 0.313609
1.688.12E.X:14468514-14468872 0.660714 0.000000 0.081169 0.047120 0.010000 0.087662 0.090909 0.066852 0.064067 0.060790 0.025070 0.025070 0.000000 0.050420 0.025070 0.025070 0.027855 0.022284 0.019553 0.030641 0.039106 0.025070 0.019553 0.033426 0.019553 0.033426 0.081169 0.036313 0.030641 0.036313 0.019499 0.053221 0.047619 0.022284 0.112069 0.073239 0.068182 0.079545 0.084034 0.087079 0.076487 0.072423 0.082153 0.069638 0.093750 0.075209 0.064067 0.066852 0.075419 0.086592 0.083799 0.055710 0.076487 0.075209 0.066852 0.086592 0.066852 0.058496 0.075209 0.073446 0.056338 0.092437 0.058496 0.083799 0.058496 0.058496 0.058496 0.056338 0.069638 0.075209 0.059155 0.066852 0.075209 0.059155 0.058496 0.058496 0.062147 0.059155 0.066852 0.075209 0.066852 0.115493 0.075209 0.140805 0.149296 0.333333 0.343195
1.688.12E.X:14468875-14469231 0.660714 0.027778 0.094156 0.089005 0.010000 0.107143 0.120130 0.067227 0.064426 0.136778 0.022409 0.025210 0.050420 0.000000 0.022409 0.025210 0.019608 0.028011 0.070028 0.016807 0.039216 0.025210 0.056022 0.028011 0.058824 0.025210 0.107143 0.047619 0.022409 0.044818 0.030812 0.058824 0.058824 0.028011 0.120690 0.090141 0.085227 0.096591 0.098039 0.101124 0.093484 0.081232 0.099150 0.078431 0.110795 0.084034 0.072829 0.075630 0.086835 0.098039 0.095238 0.064426 0.093484 0.084034 0.075630 0.103641 0.081232 0.067227 0.084034 0.090395 0.073239 0.106443 0.067227 0.095238 0.067227 0.067227 0.067227 0.073239 0.078431 0.084034 0.076056 0.075630 0.084034 0.076056 0.067227 0.067227 0.079096 0.076056 0.075630 0.084034 0.075630 0.126761 0.084034 0.155172 0.160563 0.304598 0.355030
1.688.12E.X:14469234-14469592 0.660714 0.000000 0.061688 0.047120 0.000000 0.081169 0.087662 0.047354 0.044568 0.048632 0.000000 0.011142 0.025070 0.022409 0.000000 0.005571 0.002786 0.013928 0.041899 0.005571 0.013966 0.011142 0.027933 0.016713 0.030726 0.008357 0.074675 0.025140 0.005571 0.022346 0.011142 0.033613 0.033613 0.008357 0.097701 0.059155 0.056818 0.068182 0.072829 0.075843 0.065156 0.061281 0.070822 0.058496 0.082386 0.064067 0.052925 0.055710 0.064246 0.075419 0.072626 0.044568 0.065156 0.064067 0.055710 0.075419 0.055710 0.047354 0.064067 0.062147 0.045070 0.081232 0.047354 0.072626 0.047354 0.047354 0.047354 0.045070 0.058496 0.064067 0.047887 0.055710 0.064067 0.047887 0.047354 0.047354 0.050847 0.047887 0.055710 0.064067 0.055710 0.101408 0.064067 0.129310 0.135211 0.324713 0.319527
1.688.12E.X:14469595-14469953 0.660714 0.000000 0.058442 0.036649 0.000000 0.077922 0.084416 0.041783 0.038997 0.042553 0.005571 0.005571 0.025070 0.025210 0.005571 0.000000 0.002786 0.008357 0.041899 0.005571 0.019553 0.005571 0.027933 0.016713 0.030726 0.008357 0.071429 0.019553 0.005571 0.016760 0.005571 0.030812 0.030812 0.002786 0.097701 0.061972 0.053977 0.065341 0.067227 0.070225 0.062323 0.055710 0.067989 0.052925 0.079545 0.058496 0.047354 0.050139 0.058659 0.069832 0.067039 0.038997 0.062323 0.058496 0.050139 0.075419 0.055710 0.041783 0.058496 0.059322 0.042254 0.075630 0.041783 0.067039 0.041783 0.041783 0.041783 0.042254 0.052925 0.058496 0.045070 0.050139 0.058496 0.045070 0.041783 0.041783 0.048023 0.045070 0.050139 0.058496 0.050139 0.098592 0.058496 0.126437 0.132394 0.321839 0.313609
1.688.12E.X:14470016-14470374 0.660714 0.000000 0.061688 0.041885 0.000000 0.081169 0.087662 0.044568 0.041783 0.045593 0.002786 0.008357 0.027855 0.019608 0.002786 0.002786 0.000000 0.011142 0.044693 0.002786 0.016760 0.008357 0.030726 0.013928 0.033520 0.005571 0.074675 0.022346 0.002786 0.019553 0.008357 0.030812 0.030812 0.005571 0.097701 0.061972 0.056818 0.068182 0.070028 0.073034 0.065156 0.058496 0.070822 0.055710 0.082386 0.061281 0.050139 0.052925 0.061453 0.072626 0.069832 0.041783 0.065156 0.061281 0.052925 0.078212 0.058496 0.044568 0.061281 0.062147 0.045070 0.078431 0.044568 0.069832 0.044568 0.044568 0.044568 0.045070 0.055710 0.061281 0.047887 0.052925 0.061281 0.047887 0.044568 0.044568 0.050847 0.047887 0.052925 0.061281 0.052925 0.098592 0.061281 0.129310 0.132394 0.324713 0.319527
1.688.12E.X:14470377-14470735 0.660714 0.027778 0.068182 0.036649 0.020000 0.074675 0.084416 0.050139 0.047354 0.042553 0.013928 0.002786 0.022284 0.028011 0.013928 0.008357 0.011142 0.000000 0.041899 0.008357 0.027933 0.002786 0.030726 0.011142 0.033520 0.016713 0.074675 0.019553 0.013928 0.019553 0.008357 0.036415 0.036415 0.005571 0.097701 0.067606 0.059659 0.071023 0.072829 0.075843 0.067989 0.061281 0.073654 0.058496 0.085227 0.064067 0.052925 0.055710 0.064246 0.075419 0.072626 0.044568 0.067989 0.064067 0.055710 0.081006 0.061281 0.047354 0.064067 0.064972 0.047887 0.081232 0.047354 0.072626 0.047354 0.047354 0.047354 0.047887 0.058496 0.064067 0.050704 0.055710 0.064067 0.050704 0.047354 0.047354 0.053672 0.050704 0.055710 0.064067 0.055710 0.104225 0.064067 0.132184 0.138028 0.324713 0.313609
1.688.12E.X:14470738-14471095 0.678571 0.000000 0.100649 0.057592 0.060000 0.107143 0.110390 0.083799 0.081006 0.130699 0.041899 0.041899 0.019553 0.070028 0.041899 0.041899 0.044693 0.041899 0.000000 0.047486 0.058659 0.041899 0.039106 0.050279 0.039106 0.050279 0.100649 0.058659 0.047486 0.055866 0.036313 0.072829 0.067227 0.039106 0.135057 0.092958 0.088068 0.099432 0.103641 0.106742 0.096317 0.081006 0.101983 0.086592 0.113636 0.092179 0.081006 0.083799 0.094972 0.106145 0.103352 0.072626 0.096317 0.092179 0.083799 0.106145 0.083799 0.075419 0.092179 0.093220 0.076056 0.112045 0.075419 0.103352 0.075419 0.075419 0.075419 0.076056 0.086592 0.092179 0.078873 0.083799 0.092179 0.078873 0.075419 0.075419 0.081921 0.078873 0.083799 0.092179 0.083799 0.126761 0.092179 0.163793 0.169014 0.278736 0.349112
1.688.12E.X:14471098-14471456 0.660714 0.027778 0.064935 0.041885 0.010000 0.077922 0.090909 0.047354 0.044568 0.042553 0.005571 0.005571 0.030641 0.016807 0.005571 0.005571 0.002786 0.008357 0.047486 0.000000 0.019553 0.005571 0.033520 0.011142 0.036313 0.008357 0.077922 0.025140 0.005571 0.022346 0.011142 0.033613 0.033613 0.008357 0.094828 0.064789 0.059659 0.071023 0.072829 0.075843 0.067989 0.061281 0.073654 0.058496 0.085227 0.064067 0.052925 0.055710 0.064246 0.075419 0.072626 0.044568 0.067989 0.064067 0.055710 0.081006 0.061281 0.047354 0.064067 0.064972 0.047887 0.081232 0.047354 0.072626 0.047354 0.047354 0.047354 0.047887 0.058496 0.064067 0.050704 0.055710 0.064067 0.050704 0.047354 0.047354 0.053672 0.050704 0.055710 0.064067 0.055710 0.101408 0.064067 0.132184 0.135211 0.324713 0.319527
1.688.12E.X:14471459-14471816 0.660714 0.000000 0.081169 0.047120 0.000000 0.100649 0.103896 0.061453 0.058659 0.112462 0.013966 0.025140 0.039106 0.039216 0.013966 0.019553 0.016760 0.027933 0.058659 0.019553 0.000000 0.025140 0.044693 0.030726 0.047486 0.022346 0.094156 0.025140 0.019553 0.016760 0.025140 0.033613 0.033613 0.022346 0.097701 0.053521 0.056818 0.068182 0.072829 0.075843 0.065156 0.075419 0.087819 0.072626 0.099432 0.078212 0.067039 0.069832 0.064246 0.092179 0.089385 0.058659 0.082153 0.078212 0.069832 0.092179 0.069832 0.061453 0.078212 0.079096 0.061972 0.098039 0.061453 0.089385 0.061453 0.061453 0.061453 0.061972 0.072626 0.078212 0.064789 0.069832 0.078212 0.064789 0.061453 0.061453 0.067797 0.064789 0.069832 0.078212 0.069832 0.118310 0.078212 0.146552 0.135211 0.278736 0.319527
1.688.12E.X:14471819-14472177 0.660714 0.027778 0.064935 0.036649 0.010000 0.071429 0.081169 0.047354 0.044568 0.039514 0.011142 0.000000 0.025070 0.025210 0.011142 0.005571 0.008357 0.002786 0.041899 0.005571 0.025140 0.000000 0.027933 0.011142 0.030726 0.013928 0.071429 0.022346 0.011142 0.016760 0.005571 0.033613 0.033613 0.002786 0.094828 0.064789 0.056818 0.068182 0.070028 0.073034 0.065156 0.058496 0.070822 0.055710 0.082386 0.061281 0.050139 0.052925 0.061453 0.072626 0.069832 0.041783 0.065156 0.061281 0.052925 0.078212 0.058496 0.044568 0.061281 0.062147 0.045070 0.078431 0.044568 0.069832 0.044568 0.044568 0.044568 0.045070 0.055710 0.061281 0.047887 0.052925 0.061281 0.047887 0.044568 0.044568 0.050847 0.047887 0.052925 0.061281 0.052925 0.101408 0.061281 0.129310 0.135211 0.321839 0.313609
1.688.12E.X:14472180-14472537 0.660714 0.000000 0.087662 0.068063 0.000000 0.094156 0.097403 0.069832 0.067039 0.130699 0.027933 0.027933 0.019553 0.056022 0.027933 0.027933 0.030726 0.030726 0.039106 0.033520 0.044693 0.027933 0.000000 0.039106 0.025140 0.036313 0.087662 0.047486 0.033520 0.041899 0.022346 0.036415 0.030812 0.025140 0.094828 0.056338 0.073864 0.085227 0.089636 0.092697 0.082153 0.075419 0.087819 0.072626 0.099432 0.078212 0.067039 0.069832 0.081006 0.092179 0.089385 0.058659 0.082153 0.078212 0.069832 0.092179 0.069832 0.061453 0.078212 0.079096 0.061972 0.098039 0.061453 0.089385 0.061453 0.061453 0.061453 0.061972 0.072626 0.078212 0.064789 0.069832 0.078212 0.064789 0.061453 0.061453 0.067797 0.064789 0.069832 0.078212 0.069832 0.098592 0.078212 0.129310 0.132394 0.293103 0.325444
1.688.12E.X:14472540-14472898 0.642857 0.027778 0.074675 0.052356 0.020000 0.081169 0.090909 0.058496 0.055710 0.051672 0.016713 0.011142 0.033426 0.028011 0.016713 0.016713 0.013928 0.011142 0.050279 0.011142 0.030726 0.011142 0.039106 0.000000 0.041899 0.013928 0.081169 0.025140 0.016713 0.027933 0.016713 0.036415 0.042017 0.013928 0.097701 0.073239 0.068182 0.079545 0.081232 0.084270 0.076487 0.069638 0.082153 0.066852 0.093750 0.072423 0.061281 0.064067 0.072626 0.083799 0.081006 0.052925 0.076487 0.072423 0.064067 0.089385 0.069638 0.055710 0.072423 0.073446 0.056338 0.089636 0.055710 0.081006 0.055710 0.055710 0.055710 0.056338 0.066852 0.072423 0.059155 0.064067 0.072423 0.059155 0.055710 0.055710 0.062147 0.059155 0.064067 0.072423 0.064067 0.109859 0.072423 0.135057 0.143662 0.333333 0.337278
1.688.12E.X:14472901-14473258 0.696429 0.000000 0.074675 0.078534 0.000000 0.081169 0.084416 0.072626 0.069832 0.127660 0.030726 0.030726 0.019553 0.058824 0.030726 0.030726 0.033520 0.033520 0.039106 0.036313 0.047486 0.030726 0.025140 0.041899 0.000000 0.039106 0.074675 0.050279 0.036313 0.044693 0.025140 0.061625 0.056022 0.027933 0.120690 0.081690 0.076705 0.088068 0.092437 0.095506 0.084986 0.078212 0.090652 0.075419 0.102273 0.081006 0.069832 0.072626 0.083799 0.094972 0.092179 0.061453 0.084986 0.081006 0.072626 0.094972 0.072626 0.064246 0.081006 0.081921 0.064789 0.100840 0.064246 0.092179 0.064246 0.064246 0.064246 0.064789 0.075419 0.081006 0.067606 0.072626 0.081006 0.067606 0.064246 0.064246 0.070621 0.067606 0.072626 0.081006 0.072626 0.123944 0.081006 0.149425 0.157746 0.341954 0.372781
1.688.12E.X:14473261-14473619 0.642857 0.000000 0.064935 0.047120 0.000000 0.084416 0.090909 0.050139 0.047354 0.051672 0.008357 0.013928 0.033426 0.025210 0.008357 0.008357 0.005571 0.016713 0.050279 0.008357 0.022346 0.013928 0.036313 0.013928 0.039106 0.000000 0.077922 0.022346 0.008357 0.025140 0.013928 0.030812 0.036415 0.011142 0.097701 0.067606 0.062500 0.073864 0.075630 0.078652 0.070822 0.064067 0.076487 0.061281 0.088068 0.066852 0.055710 0.058496 0.067039 0.078212 0.075419 0.047354 0.070822 0.066852 0.058496 0.083799 0.064067 0.050139 0.066852 0.067797 0.050704 0.084034 0.050139 0.075419 0.050139 0.050139 0.050139 0.050704 0.061281 0.066852 0.053521 0.058496 0.066852 0.053521 0.050139 0.050139 0.056497 0.053521 0.058496 0.066852 0.058496 0.104225 0.066852 0.129310 0.138028 0.330460 0.331361
1.688.12E.X:14473847-14474154 0.678571 0.000000 0.012987 0.392670 0.000000 0.019481 0.022727 0.100649 0.097403 0.087662 0.074675 0.071429 0.081169 0.107143 0.074675 0.071429 0.074675 0.074675 0.100649 0.077922 0.094156 0.071429 0.087662 0.081169 0.074675 0.077922 0.000000 0.090909 0.077922 0.087662 0.064935 0.107143 0.103896 0.068182 0.107143 0.142857 0.107143 0.136364 0.120130 0.146104 0.107143 0.120130 0.100649 0.100649 0.129870 0.100649 0.110390 0.094156 0.120130 0.120130 0.113636 0.100649 0.094156 0.100649 0.110390 0.120130 0.113636 0.100649 0.100649 0.100649 0.100649 0.113636 0.100649 0.113636 0.100649 0.100649 0.100649 0.100649 0.113636 0.100649 0.100649 0.110390 0.100649 0.100649 0.100649 0.100649 0.110390 0.100649 0.110390 0.100649 0.110390 0.149351 0.123377 0.152597 0.198052 0.250000 0.609467
1.688.12E.X:14474157-14474514 0.660714 0.000000 0.081169 0.026178 0.010000 0.097403 0.103896 0.061453 0.058659 0.097264 0.025140 0.022346 0.036313 0.047619 0.025140 0.019553 0.022346 0.019553 0.058659 0.025140 0.025140 0.022346 0.047486 0.025140 0.050279 0.022346 0.090909 0.000000 0.025140 0.030726 0.022346 0.016807 0.022409 0.019553 0.083333 0.053521 0.045455 0.056818 0.058824 0.061798 0.053824 0.067039 0.082153 0.064246 0.093750 0.069832 0.058659 0.061453 0.050279 0.083799 0.081006 0.050279 0.076487 0.069832 0.061453 0.089385 0.067039 0.053073 0.069832 0.073446 0.056338 0.089636 0.053073 0.081006 0.053073 0.053073 0.053073 0.056338 0.064246 0.069832 0.059155 0.061453 0.069832 0.059155 0.053073 0.053073 0.062147 0.059155 0.061453 0.069832 0.061453 0.112676 0.069832 0.135057 0.123944 0.267241 0.325444
1.688.12E.X:14474517-14474875 0.660714 0.000000 0.064935 0.047120 0.000000 0.084416 0.090909 0.047354 0.044568 0.048632 0.005571 0.011142 0.030641 0.022409 0.005571 0.005571 0.002786 0.013928 0.047486 0.005571 0.019553 0.011142 0.033520 0.016713 0.036313 0.008357 0.077922 0.025140 0.000000 0.022346 0.011142 0.033613 0.033613 0.008357 0.100575 0.064789 0.059659 0.071023 0.072829 0.075843 0.067989 0.061281 0.073654 0.058496 0.085227 0.064067 0.052925 0.055710 0.064246 0.075419 0.072626 0.044568 0.067989 0.064067 0.055710 0.081006 0.061281 0.047354 0.064067 0.064972 0.047887 0.081232 0.047354 0.072626 0.047354 0.047354 0.047354 0.047887 0.058496 0.064067 0.050704 0.055710 0.064067 0.050704 0.047354 0.047354 0.053672 0.050704 0.055710 0.064067 0.055710 0.101408 0.064067 0.132184 0.135211 0.327586 0.325444
1.688.12E.X:14474878-14475235 0.660714 0.000000 0.081169 0.036649 0.000000 0.094156 0.097403 0.050279 0.047486 0.121581 0.022346 0.016760 0.036313 0.044818 0.022346 0.016760 0.019553 0.019553 0.055866 0.022346 0.016760 0.016760 0.041899 0.027933 0.044693 0.025140 0.087662 0.030726 0.022346 0.000000 0.016760 0.042017 0.042017 0.013966 0.109195 0.047887 0.065341 0.076705 0.078431 0.081461 0.073654 0.067039 0.082153 0.064246 0.093750 0.069832 0.055866 0.061453 0.069832 0.083799 0.081006 0.050279 0.076487 0.069832 0.061453 0.089385 0.067039 0.053073 0.069832 0.073446 0.056338 0.089636 0.053073 0.081006 0.053073 0.053073 0.053073 0.056338 0.064246 0.069832 0.059155 0.061453 0.069832 0.059155 0.053073 0.053073 0.062147 0.059155 0.061453 0.069832 0.061453 0.112676 0.069832 0.140805 0.143662 0.267241 0.313609
1.688.12E.X:14475238-14475596 0.660714 0.000000 0.064935 0.031414 0.000000 0.071429 0.074675 0.047354 0.044568 0.039514 0.011142 0.005571 0.019499 0.030812 0.011142 0.005571 0.008357 0.008357 0.036313 0.011142 0.025140 0.005571 0.022346 0.016713 0.025140 0.013928 0.064935 0.022346 0.011142 0.016760 0.000000 0.033613 0.028011 0.002786 0.094828 0.059155 0.051136 0.062500 0.064426 0.067416 0.059490 0.052925 0.065156 0.050139 0.076705 0.055710 0.044568 0.047354 0.055866 0.067039 0.064246 0.036212 0.059490 0.055710 0.047354 0.072626 0.052925 0.038997 0.055710 0.056497 0.039437 0.072829 0.038997 0.064246 0.038997 0.038997 0.038997 0.039437 0.050139 0.055710 0.042254 0.047354 0.055710 0.042254 0.038997 0.038997 0.045198 0.042254 0.047354 0.055710 0.047354 0.095775 0.055710 0.123563 0.129577 0.316092 0.313609
1.688.12E.X:14475599-14475955 0.660714 0.000000 0.097403 0.057592 0.000000 0.113636 0.120130 0.072829 0.070028 0.112462 0.033613 0.033613 0.053221 0.058824 0.033613 0.030812 0.030812 0.036415 0.072829 0.033613 0.033613 0.033613 0.036415 0.036415 0.061625 0.030812 0.107143 0.016807 0.033613 0.042017 0.033613 0.000000 0.005602 0.030812 0.066092 0.036620 0.059659 0.071023 0.072829 0.075843 0.067989 0.078431 0.096317 0.075630 0.107955 0.081232 0.070028 0.072829 0.061625 0.095238 0.092437 0.061625 0.090652 0.081232 0.072829 0.100840 0.078431 0.064426 0.081232 0.087571 0.070423 0.103641 0.064426 0.092437 0.064426 0.064426 0.064426 0.070423 0.075630 0.081232 0.073239 0.072829 0.081232 0.073239 0.064426 0.064426 0.076271 0.073239 0.072829 0.081232 0.072829 0.095775 0.081232 0.123563 0.107042 0.175287 0.301775
1.688.12E.X:14475958-14476314 0.660714 0.000000 0.100649 0.047120 0.000000 0.110390 0.116883 0.072829 0.070028 0.109422 0.033613 0.033613 0.047619 0.058824 0.033613 0.030812 0.030812 0.036415 0.067227 0.033613 0.033613 0.033613 0.030812 0.042017 0.056022 0.036415 0.103896 0.022409 0.033613 0.042017 0.028011 0.005602 0.000000 0.030812 0.066092 0.030986 0.053977 0.065341 0.067227 0.070225 0.062323 0.072829 0.090652 0.070028 0.102273 0.075630 0.064426 0.067227 0.056022 0.089636 0.086835 0.056022 0.084986 0.075630 0.067227 0.095238 0.072829 0.058824 0.075630 0.081921 0.064789 0.098039 0.058824 0.086835 0.058824 0.058824 0.058824 0.064789 0.070028 0.075630 0.067606 0.067227 0.075630 0.067606 0.058824 0.058824 0.070621 0.067606 0.067227 0.075630 0.067227 0.090141 0.075630 0.123563 0.101408 0.166667 0.289941
1.688.12E.X:14476317-14476675 0.660714 0.000000 0.061688 0.036649 0.000000 0.074675 0.077922 0.044568 0.041783 0.042553 0.008357 0.002786 0.022284 0.028011 0.008357 0.002786 0.005571 0.005571 0.039106 0.008357 0.022346 0.002786 0.025140 0.013928 0.027933 0.011142 0.068182 0.019553 0.008357 0.013966 0.002786 0.030812 0.030812 0.000000 0.097701 0.061972 0.053977 0.065341 0.067227 0.070225 0.062323 0.055710 0.067989 0.052925 0.079545 0.058496 0.047354 0.050139 0.058659 0.069832 0.067039 0.038997 0.062323 0.058496 0.050139 0.075419 0.055710 0.041783 0.058496 0.059322 0.042254 0.075630 0.041783 0.067039 0.041783 0.041783 0.041783 0.042254 0.052925 0.058496 0.045070 0.050139 0.058496 0.045070 0.041783 0.041783 0.048023 0.045070 0.050139 0.058496 0.050139 0.098592 0.058496 0.126437 0.132394 0.321839 0.313609
1.688.12E.X:14476678-14477025 0.678571 0.027778 0.103896 0.125654 0.010000 0.107143 0.120130 0.126437 0.123563 0.094225 0.097701 0.094828 0.112069 0.120690 0.097701 0.097701 0.097701 0.097701 0.135057 0.094828 0.097701 0.094828 0.094828 0.097701 0.120690 0.097701 0.107143 0.083333 0.100575 0.109195 0.094828 0.066092 0.066092 0.097701 0.000000 0.100575 0.103448 0.132184 0.120690 0.140805 0.109195 0.140805 0.143678 0.135057 0.152299 0.126437 0.132184 0.120690 0.120690 0.143678 0.149425 0.123563 0.137931 0.137931 0.132184 0.155172 0.135057 0.123563 0.137931 0.137931 0.123563 0.155172 0.123563 0.137931 0.123563 0.123563 0.123563 0.123563 0.135057 0.126437 0.123563 0.132184 0.126437 0.123563 0.123563 0.123563 0.132184 0.123563 0.132184 0.126437 0.132184 0.149425 0.143678 0.094828 0.169540 0.238506 0.295858
1.688.12E.X:14477028-14477382 0.678571 0.000000 0.139610 0.083770 0.000000 0.149351 0.152597 0.095775 0.092958 0.145897 0.059155 0.064789 0.073239 0.090141 0.059155 0.061972 0.061972 0.067606 0.092958 0.064789 0.053521 0.064789 0.056338 0.073239 0.081690 0.067606 0.142857 0.053521 0.064789 0.047887 0.059155 0.036620 0.030986 0.061972 0.100575 0.000000 0.088068 0.062500 0.064789 0.081690 0.087819 0.095775 0.116147 0.092958 0.102273 0.098592 0.087324 0.092958 0.053521 0.112676 0.084507 0.078873 0.113314 0.098592 0.064789 0.112676 0.064789 0.081690 0.098592 0.107345 0.090141 0.095775 0.081690 0.084507 0.081690 0.081690 0.081690 0.090141 0.067606 0.098592 0.092958 0.064789 0.098592 0.092958 0.081690 0.081690 0.098870 0.092958 0.064789 0.098592 0.064789 0.092958 0.098592 0.123563 0.129577 0.143678 0.307692
1.688.12E.X:14477389-14477740 0.678571 0.166667 0.103896 0.078534 0.060000 0.113636 0.120130 0.065341 0.062500 0.103343 0.056818 0.056818 0.068182 0.085227 0.056818 0.053977 0.056818 0.059659 0.088068 0.059659 0.056818 0.056818 0.073864 0.068182 0.076705 0.062500 0.107143 0.045455 0.059659 0.065341 0.051136 0.059659 0.053977 0.053977 0.103448 0.088068 0.000000 0.076705 0.048295 0.085227 0.034091 0.085227 0.068182 0.079545 0.076705 0.053977 0.076705 0.048295 0.065341 0.071023 0.076705 0.068182 0.062500 0.065341 0.076705 0.079545 0.076705 0.068182 0.065341 0.062500 0.068182 0.082386 0.068182 0.065341 0.068182 0.068182 0.068182 0.068182 0.079545 0.053977 0.065341 0.076705 0.053977 0.065341 0.068182 0.068182 0.076705 0.065341 0.076705 0.053977 0.076705 0.113636 0.088068 0.152299 0.130682 0.215517 0.319527
1.688.12E.X:14477747-14478098 0.660714 0.027778 0.139610 0.083770 0.020000 0.149351 0.155844 0.099432 0.096591 0.145897 0.068182 0.068182 0.079545 0.096591 0.068182 0.065341 0.068182 0.071023 0.099432 0.071023 0.068182 0.068182 0.085227 0.079545 0.088068 0.073864 0.136364 0.056818 0.071023 0.076705 0.062500 0.071023 0.065341 0.065341 0.132184 0.062500 0.076705 0.000000 0.031250 0.048295 0.048295 0.062500 0.076705 0.059659 0.065341 0.065341 0.028409 0.059659 0.019886 0.079545 0.051136 0.045455 0.073864 0.065341 0.031250 0.071023 0.034091 0.048295 0.065341 0.065341 0.045455 0.062500 0.048295 0.051136 0.048295 0.048295 0.048295 0.045455 0.034091 0.065341 0.048295 0.031250 0.065341 0.048295 0.048295 0.048295 0.048295 0.048295 0.031250 0.065341 0.031250 0.090909 0.062500 0.100575 0.122159 0.117816 0.337278
1.688.12E.X:14478100-14478456 0.660714 0.027778 0.123377 0.089005 0.020000 0.133117 0.139610 0.075630 0.072829 0.063830 0.072829 0.070028 0.084034 0.098039 0.072829 0.067227 0.070028 0.072829 0.103641 0.072829 0.072829 0.070028 0.089636 0.081232 0.092437 0.075630 0.120130 0.058824 0.072829 0.078431 0.064426 0.072829 0.067227 0.067227 0.120690 0.064789 0.048295 0.031250 0.000000 0.044944 0.019830 0.061625 0.053824 0.056022 0.034091 0.033613 0.058824 0.028011 0.019608 0.047619 0.030812 0.044818 0.050992 0.044818 0.030812 0.064426 0.036415 0.047619 0.044818 0.050847 0.053521 0.036415 0.047619 0.019608 0.047619 0.047619 0.047619 0.053521 0.033613 0.033613 0.056338 0.030812 0.033613 0.056338 0.047619 0.047619 0.064972 0.056338 0.030812 0.033613 0.030812 0.061972 0.064426 0.106322 0.107042 0.135057 0.337278
1.688.12E.X:14478458-14478813 0.660714 0.027778 0.149351 0.068063 0.020000 0.159091 0.165584 0.109551 0.106742 0.155015 0.075843 0.073034 0.087079 0.101124 0.075843 0.070225 0.073034 0.075843 0.106742 0.075843 0.075843 0.073034 0.092697 0.084270 0.095506 0.078652 0.146104 0.061798 0.075843 0.081461 0.067416 0.075843 0.070225 0.070225 0.140805 0.081690 0.085227 0.048295 0.044944 0.000000 0.059490 0.058989 0.079320 0.056180 0.068182 0.061798 0.064607 0.064607 0.033708 0.044944 0.061798 0.042135 0.084986 0.061798 0.044944 0.061798 0.047753 0.044944 0.061798 0.070621 0.053521 0.073034 0.044944 0.061798 0.044944 0.044944 0.044944 0.053521 0.044944 0.061798 0.056338 0.044944 0.061798 0.056338 0.044944 0.044944 0.050847 0.056338 0.044944 0.061798 0.044944 0.101408 0.061798 0.106322 0.115493 0.120690 0.319527
1.688.12E.X:14478819-14479171 0.660714 0.027778 0.110390 0.099476 0.020000 0.120130 0.123377 0.070822 0.067989 0.109422 0.065156 0.065156 0.076487 0.093484 0.065156 0.062323 0.065156 0.067989 0.096317 0.067989 0.065156 0.065156 0.082153 0.076487 0.084986 0.070822 0.107143 0.053824 0.067989 0.073654 0.059490 0.067989 0.062323 0.062323 0.109195 0.087819 0.034091 0.048295 0.019830 0.059490 0.000000 0.059490 0.042493 0.053824 0.045455 0.028329 0.053824 0.022663 0.036827 0.045326 0.048159 0.042493 0.036827 0.039660 0.048159 0.053824 0.048159 0.042493 0.039660 0.036827 0.042493 0.053824 0.042493 0.036827 0.042493 0.042493 0.042493 0.042493 0.050992 0.028329 0.039660 0.048159 0.028329 0.039660 0.042493 0.042493 0.050992 0.039660 0.048159 0.028329 0.048159 0.084986 0.062323 0.120690 0.104816 0.261494 0.343195
1.688.12E.X:14479173-14479531 0.660714 0.027778 0.123377 0.062827 0.080000 0.133117 0.139610 0.094708 0.091922 0.088146 0.061281 0.058496 0.072423 0.081232 0.061281 0.055710 0.058496 0.061281 0.081006 0.061281 0.075419 0.058496 0.075419 0.069638 0.078212 0.064067 0.120130 0.067039 0.061281 0.067039 0.052925 0.078431 0.072829 0.055710 0.140805 0.095775 0.085227 0.062500 0.061625 0.058989 0.059490 0.000000 0.042493 0.027855 0.065341 0.033426 0.041783 0.041783 0.053073 0.044693 0.047486 0.013928 0.053824 0.033426 0.036212 0.050279 0.036212 0.016713 0.033426 0.033898 0.016901 0.056022 0.016713 0.047486 0.016713 0.016713 0.016713 0.016901 0.033426 0.033426 0.019718 0.036212 0.033426 0.019718 0.016713 0.016713 0.039548 0.019718 0.036212 0.033426 0.036212 0.053521 0.033426 0.106322 0.132394 0.250000 0.337278
1.688.12E.X:14479537-14479889 0.660714 0.027778 0.103896 0.146597 0.020000 0.113636 0.120130 0.082153 0.079320 0.088146 0.070822 0.070822 0.082153 0.099150 0.070822 0.067989 0.070822 0.073654 0.101983 0.073654 0.087819 0.070822 0.087819 0.082153 0.090652 0.076487 0.100649 0.082153 0.073654 0.082153 0.065156 0.096317 0.090652 0.067989 0.143678 0.116147 0.068182 0.076705 0.053824 0.079320 0.042493 0.042493 0.000000 0.022663 0.048295 0.016997 0.053824 0.028329 0.059490 0.033994 0.033994 0.025496 0.011331 0.016997 0.045326 0.031161 0.039660 0.025496 0.016997 0.014164 0.025496 0.019830 0.025496 0.033994 0.025496 0.025496 0.025496 0.025496 0.042493 0.016997 0.022663 0.045326 0.016997 0.022663 0.025496 0.025496 0.050992 0.022663 0.045326 0.016997 0.045326 0.076487 0.045326 0.117816 0.130312 0.270115 0.319527
1.688.12E.X:14479891-14480251 0.660714 0.027778 0.103896 0.089005 0.020000 0.113636 0.120130 0.089136 0.086351 0.069909 0.058496 0.055710 0.069638 0.078431 0.058496 0.052925 0.055710 0.058496 0.086592 0.058496 0.072626 0.055710 0.072626 0.066852 0.075419 0.061281 0.100649 0.064246 0.058496 0.064246 0.050139 0.075630 0.070028 0.052925 0.135057 0.092958 0.079545 0.059659 0.056022 0.056180 0.053824 0.027855 0.022663 0.000000 0.059659 0.027855 0.038997 0.036212 0.047486 0.039106 0.030726 0.013889 0.033994 0.016713 0.033426 0.033520 0.033426 0.016667 0.016713 0.016949 0.014085 0.036415 0.016667 0.041899 0.016667 0.016667 0.016667 0.014085 0.030641 0.027855 0.016901 0.033426 0.027855 0.016901 0.016667 0.016667 0.036723 0.016901 0.033426 0.027855 0.033426 0.081690 0.030641 0.103448 0.118310 0.129310 0.331361
1.688.12E.X:14480257-14480608 0.625000 0.027778 0.133117 0.141361 0.020000 0.142857 0.149351 0.088068 0.085227 0.155015 0.082386 0.082386 0.093750 0.110795 0.082386 0.079545 0.082386 0.085227 0.113636 0.085227 0.099432 0.082386 0.099432 0.093750 0.102273 0.088068 0.129870 0.093750 0.085227 0.093750 0.076705 0.107955 0.102273 0.079545 0.152299 0.102273 0.076705 0.065341 0.034091 0.068182 0.045455 0.065341 0.048295 0.059659 0.000000 0.034091 0.062500 0.031250 0.051136 0.036932 0.031250 0.048295 0.045455 0.045455 0.031250 0.056818 0.031250 0.048295 0.045455 0.042614 0.048295 0.036932 0.048295 0.019886 0.048295 0.048295 0.048295 0.048295 0.034091 0.034091 0.045455 0.031250 0.034091 0.045455 0.048295 0.048295 0.059659 0.045455 0.031250 0.034091 0.031250 0.068182 0.068182 0.103448 0.113636 0.149425 0.343195
1.688.12E.X:14480609-14480967 0.660714 0.027778 0.103896 0.099476 0.020000 0.113636 0.120130 0.066852 0.064067 0.127660 0.064067 0.061281 0.075209 0.084034 0.064067 0.058496 0.061281 0.064067 0.092179 0.064067 0.078212 0.061281 0.078212 0.072423 0.081006 0.066852 0.100649 0.069832 0.064067 0.069832 0.055710 0.081232 0.075630 0.058496 0.126437 0.098592 0.053977 0.065341 0.033613 0.061798 0.028329 0.033426 0.016997 0.027855 0.034091 0.000000 0.044568 0.013928 0.050279 0.016760 0.025140 0.016713 0.028329 0.011142 0.033426 0.030726 0.036212 0.013928 0.011142 0.014124 0.019718 0.028011 0.013928 0.013966 0.013928 0.013928 0.013928 0.019718 0.030641 0.000000 0.019718 0.033426 0.000000 0.019718 0.013928 0.013928 0.042373 0.019718 0.033426 0.000000 0.033426 0.059155 0.036212 0.100575 0.112676 0.313218 0.343195
1.688.12E.X:14480969-14481327 0.660714 0.027778 0.113636 0.052356 0.020000 0.123377 0.133117 0.080780 0.077994 0.145897 0.052925 0.050139 0.064067 0.072829 0.052925 0.047354 0.050139 0.052925 0.081006 0.052925 0.067039 0.050139 0.067039 0.061281 0.069832 0.055710 0.110390 0.058659 0.052925 0.055866 0.044568 0.070028 0.064426 0.047354 0.132184 0.087324 0.076705 0.028409 0.058824 0.064607 0.053824 0.041783 0.053824 0.038997 0.062500 0.044568 0.000000 0.030641 0.050279 0.055866 0.050279 0.025070 0.045326 0.044568 0.033426 0.050279 0.038997 0.027855 0.044568 0.045198 0.028169 0.058824 0.027855 0.050279 0.027855 0.027855 0.027855 0.028169 0.036212 0.044568 0.030986 0.033426 0.044568 0.030986 0.027855 0.027855 0.022599 0.030986 0.033426 0.044568 0.033426 0.081690 0.041783 0.097701 0.115493 0.261494 0.337278
1.688.12E.X:14481329-14481687 0.660714 0.027778 0.097403 0.083770 0.020000 0.107143 0.116883 0.058496 0.055710 0.121581 0.055710 0.052925 0.066852 0.075630 0.055710 0.050139 0.052925 0.055710 0.083799 0.055710 0.069832 0.052925 0.069832 0.064067 0.072626 0.058496 0.094156 0.061453 0.055710 0.061453 0.047354 0.072829 0.067227 0.050139 0.120690 0.092958 0.048295 0.059659 0.028011 0.064607 0.022663 0.041783 0.028329 0.036212 0.031250 0.013928 0.030641 0.000000 0.050279 0.025140 0.030726 0.025070 0.019830 0.025070 0.033426 0.041899 0.038997 0.027855 0.025070 0.025424 0.028169 0.033613 0.027855 0.019553 0.027855 0.027855 0.027855 0.028169 0.036212 0.013928 0.030986 0.033426 0.013928 0.030986 0.027855 0.027855 0.033898 0.030986 0.033426 0.013928 0.033426 0.059155 0.044568 0.103448 0.107042 0.316092 0.337278
1.688.12E.X:14481689-14482046 0.660714 0.027778 0.123377 0.068063 0.020000 0.133117 0.139610 0.097765 0.094972 0.066869 0.064246 0.061453 0.075419 0.086835 0.064246 0.058659 0.061453 0.064246 0.094972 0.064246 0.064246 0.061453 0.081006 0.072626 0.083799 0.067039 0.120130 0.050279 0.064246 0.069832 0.055866 0.061625 0.056022 0.058659 0.120690 0.053521 0.065341 0.019886 0.019608 0.033708 0.036827 0.053073 0.059490 0.047486 0.051136 0.050279 0.050279 0.050279 0.000000 0.069832 0.033520 0.036313 0.056657 0.047486 0.016760 0.069832 0.025140 0.033520 0.047486 0.053672 0.042254 0.039216 0.033520 0.036313 0.033520 0.033520 0.033520 0.042254 0.019553 0.050279 0.042254 0.016760 0.050279 0.042254 0.033520 0.033520 0.053672 0.042254 0.016760 0.050279 0.016760 0.067606 0.055866 0.097701 0.107042 0.120690 0.337278
