147
1.688.1A.X:171430-171634 0.000000 0.053659 0.121951 0.097561 0.097561 0.598485 0.282927 0.598485 0.278049 0.160976 0.107317 0.086207 0.160976 0.086207 0.282927 0.598485 0.278049 0.160976 0.107317 0.086207 0.160976 0.087805 0.112195 0.058537 0.087805 0.194872 0.097561 0.092683 0.564356 0.048780 0.156098 0.087805 0.112195 0.146667 0.136585 0.097561 0.092683 0.112195 0.136585 0.097561 0.092683 0.112195 0.097561 0.121951 0.097561 0.087805 0.107317 0.097561 0.112195 0.136585 0.136585 0.112195 0.156098 0.258537 0.121951 0.097561 0.087805 0.107317 0.087805 0.097561 0.121951 0.126829 0.087805 0.126829 0.117073 0.092683 0.087805 0.131707 0.107317 0.073171 0.087805 0.073171 0.087805 0.135593 0.087805 0.141463 0.258537 0.243902 0.087805 0.126829 0.102439 0.063415 0.053659 0.087805 0.107317 0.087805 0.063415 0.053659 0.097561 0.058537 0.097561 0.068293 0.053659 0.107317 0.082927 0.112195 0.068293 0.058537 0.107317 0.082927 0.102439 0.068293 0.073171 0.131707 0.058537 0.082927 0.131707 0.058537 0.117073 0.082927 0.068293 0.097561 0.068293 0.131707 0.058537 0.117073 0.073171 0.078049 0.131707 0.087805 0.117073 0.102439 0.078049 0.131707 0.058537 0.117073 0.082927 0.068293 0.097561 0.068293 0.131707 0.058537 0.117073 0.082927 0.097561 0.068293 0.131707 0.058537 0.121951 0.131707 0.068293 0.067416 0.165854 0.082927 0.092683 0.170732 0.219512
1.688.1A.X:171635-171991 0.053659 0.000000 0.125899 0.117438 0.093484 0.113636 0.210227 0.113636 0.187500 0.121771 0.122507 0.137931 0.121771 0.137931 0.210227 0.113636 0.187500 0.121771 0.122507 0.137931 0.121771 0.111748 0.098592 0.142222 0.064789 0.194872 0.177778 0.052174 0.059406 0.080189 0.083815 0.111748 0.098592 0.146667 0.090141 0.025210 0.086835 0.098039 0.090141 0.025210 0.086835 0.098039 0.086835 0.099715 0.120787 0.072829 0.087819 0.073239 0.096866 0.090141 0.090141 0.070225 0.131805 0.173789 0.099715 0.120787 0.072829 0.087819 0.072829 0.090141 0.088068 0.081921 0.072829 0.095238 0.081232 0.075630 0.075630 0.112045 0.082153 0.056180 0.084034 0.056180 0.103641 0.135593 0.064972 0.099432 0.173669 0.156863 0.075630 0.114846 0.079320 0.067227 0.047619 0.067227 0.087324 0.062147 0.070028 0.056657 0.101124 0.050420 0.101124 0.078431 0.053221 0.103933 0.075843 0.071225 0.064426 0.056022 0.106742 0.078652 0.070621 0.058824 0.061625 0.090141 0.056022 0.087079 0.090141 0.056022 0.127479 0.075843 0.058824 0.067797 0.058824 0.090141 0.056022 0.106742 0.073034 0.064426 0.090141 0.072829 0.106742 0.087324 0.064426 0.090141 0.056022 0.127479 0.075843 0.058824 0.070621 0.058824 0.090141 0.056022 0.106742 0.075843 0.067797 0.058824 0.116147 0.056022 0.130312 0.098870 0.067989 0.067416 0.081395 0.085044 0.102857 0.141618 0.145594
1.688.1A.X:172265-172542 0.121951 0.125899 0.000000 0.118705 0.122302 0.053030 0.269784 0.053030 0.262590 0.140221 0.129496 0.068966 0.140221 0.068966 0.269784 0.053030 0.262590 0.140221 0.129496 0.068966 0.140221 0.133094 0.154676 0.168889 0.100719 0.215385 0.191111 0.172662 0.574257 0.117925 0.179856 0.133094 0.154676 0.146667 0.122302 0.143885 0.100719 0.140288 0.122302 0.143885 0.100719 0.140288 0.122302 0.122302 0.111511 0.104317 0.147482 0.111511 0.129496 0.122302 0.122302 0.125899 0.179856 0.262590 0.122302 0.111511 0.104317 0.147482 0.104317 0.140288 0.125899 0.122302 0.111511 0.143885 0.122302 0.115108 0.111511 0.172662 0.118705 0.133094 0.089928 0.133094 0.100719 0.152542 0.147482 0.133094 0.262590 0.219424 0.107914 0.172662 0.115108 0.125899 0.118705 0.115108 0.129496 0.151079 0.093525 0.107914 0.097122 0.082734 0.097122 0.089928 0.111511 0.097122 0.093525 0.125899 0.089928 0.115108 0.097122 0.104317 0.154676 0.089928 0.093525 0.129496 0.125899 0.097122 0.129496 0.125899 0.104317 0.100719 0.089928 0.151079 0.089928 0.129496 0.125899 0.104317 0.097122 0.136691 0.129496 0.147482 0.104317 0.118705 0.136691 0.129496 0.125899 0.104317 0.100719 0.089928 0.154676 0.089928 0.129496 0.125899 0.104317 0.100719 0.151079 0.089928 0.129496 0.125899 0.107914 0.154676 0.089928 0.179775 0.312950 0.118705 0.140288 0.201439 0.203065
1.688.1A.X:172791-173071 0.097561 0.117438 0.118705 0.000000 0.081851 0.030303 0.217082 0.030303 0.209964 0.070111 0.088968 0.034483 0.070111 0.034483 0.217082 0.030303 0.209964 0.070111 0.088968 0.034483 0.070111 0.088968 0.099644 0.146667 0.103203 0.138462 0.137778 0.145907 0.574257 0.084906 0.124555 0.088968 0.099644 0.120000 0.106762 0.120996 0.071174 0.088968 0.106762 0.120996 0.071174 0.088968 0.081851 0.078292 0.106762 0.113879 0.124555 0.113879 0.081851 0.106762 0.106762 0.078292 0.124555 0.231317 0.078292 0.106762 0.113879 0.124555 0.113879 0.117438 0.099644 0.088968 0.081851 0.113879 0.092527 0.085409 0.117438 0.135231 0.088968 0.103203 0.074733 0.103203 0.092527 0.135593 0.113879 0.113879 0.227758 0.213523 0.117438 0.138790 0.085409 0.103203 0.092527 0.081851 0.096085 0.117438 0.088968 0.085409 0.078292 0.085409 0.078292 0.096085 0.092527 0.085409 0.110320 0.135231 0.096085 0.096085 0.085409 0.078292 0.131673 0.096085 0.103203 0.117438 0.099644 0.067616 0.117438 0.099644 0.099644 0.074733 0.096085 0.124555 0.096085 0.117438 0.099644 0.099644 0.103203 0.117438 0.117438 0.117438 0.099644 0.124555 0.117438 0.117438 0.099644 0.099644 0.074733 0.096085 0.128114 0.096085 0.117438 0.099644 0.099644 0.074733 0.124555 0.096085 0.117438 0.099644 0.103203 0.124555 0.096085 0.078652 0.185053 0.085409 0.085409 0.153025 0.114943
1.688.1A.X:173074-173426 0.097561 0.093484 0.122302 0.081851 0.000000 0.075758 0.210227 0.075758 0.193182 0.095941 0.031339 0.051724 0.095941 0.051724 0.210227 0.075758 0.193182 0.095941 0.031339 0.051724 0.095941 0.060172 0.087819 0.133333 0.082153 0.153846 0.137778 0.107246 0.138614 0.075472 0.101156 0.060172 0.087819 0.146667 0.093484 0.096317 0.073654 0.084986 0.093484 0.096317 0.073654 0.084986 0.070822 0.085470 0.130312 0.079320 0.130312 0.084986 0.079772 0.093484 0.093484 0.065156 0.151862 0.210826 0.085470 0.130312 0.079320 0.130312 0.079320 0.127479 0.071023 0.076487 0.062323 0.079320 0.079320 0.065156 0.079320 0.147309 0.065156 0.087819 0.070822 0.087819 0.110482 0.118644 0.101983 0.082386 0.206799 0.167139 0.082153 0.147309 0.062323 0.084986 0.073654 0.056657 0.070822 0.099150 0.079320 0.082153 0.076487 0.059490 0.076487 0.070822 0.087819 0.079320 0.076487 0.113960 0.073654 0.090652 0.082153 0.062323 0.101983 0.067989 0.076487 0.093484 0.079320 0.065156 0.093484 0.079320 0.110482 0.059490 0.067989 0.099150 0.067989 0.093484 0.079320 0.082153 0.070822 0.087819 0.093484 0.093484 0.082153 0.087819 0.087819 0.093484 0.079320 0.110482 0.059490 0.067989 0.101983 0.067989 0.093484 0.079320 0.082153 0.059490 0.099150 0.067989 0.116147 0.079320 0.113314 0.110482 0.076487 0.056180 0.125000 0.067449 0.100000 0.112717 0.111111
1.688.1A.X:173725-173856 0.598485 0.113636 0.053030 0.030303 0.075758 0.000000 0.068182 0.000000 0.045455 0.022727 0.083333 0.000000 0.022727 0.000000 0.068182 0.000000 0.045455 0.022727 0.083333 0.000000 0.022727 0.121212 0.090909 0.575758 0.060606 0.575758 0.575758 0.181818 0.712871 0.553030 0.060606 0.121212 0.090909 0.746667 0.060606 0.113636 0.068182 0.098485 0.060606 0.113636 0.068182 0.098485 0.106061 0.068182 0.060606 0.083333 0.060606 0.083333 0.083333 0.060606 0.060606 0.068182 0.060606 0.060606 0.068182 0.060606 0.083333 0.060606 0.083333 0.060606 0.075758 0.075758 0.083333 0.106061 0.083333 0.090909 0.083333 0.068182 0.075758 0.083333 0.075758 0.083333 0.060606 0.694915 0.098485 0.083333 0.075758 0.083333 0.090909 0.083333 0.075758 0.083333 0.083333 0.083333 0.075758 0.098485 0.053030 0.053030 0.075758 0.060606 0.075758 0.060606 0.060606 0.075758 0.083333 0.060606 0.060606 0.060606 0.075758 0.075758 0.106061 0.060606 0.068182 0.068182 0.075758 0.060606 0.068182 0.075758 0.098485 0.068182 0.060606 0.098485 0.060606 0.068182 0.075758 0.098485 0.068182 0.098485 0.068182 0.075758 0.098485 0.068182 0.098485 0.068182 0.075758 0.098485 0.068182 0.060606 0.106061 0.060606 0.068182 0.075758 0.098485 0.068182 0.098485 0.060606 0.068182 0.075758 0.098485 0.053030 0.060606 0.741573 0.136364 0.098485 0.068182 0.090909 0.106061
1.688.1A.X:174174-174525 0.282927 0.210227 0.269784 0.217082 0.210227 0.068182 0.000000 0.068182 0.019886 0.239852 0.236467 0.017241 0.239852 0.017241 0.000000 0.068182 0.019886 0.239852 0.236467 0.017241 0.239852 0.237822 0.204545 0.333333 0.184659 0.235897 0.342222 0.231884 0.059406 0.283019 0.199422 0.237822 0.204545 0.533333 0.201705 0.224432 0.184659 0.224432 0.201705 0.224432 0.184659 0.224432 0.207386 0.193732 0.218750 0.193182 0.204545 0.193182 0.199430 0.201705 0.201705 0.204545 0.252149 0.122507 0.193732 0.218750 0.193182 0.204545 0.193182 0.207386 0.204545 0.207386 0.210227 0.213068 0.210227 0.213068 0.198864 0.181818 0.210227 0.207386 0.204545 0.207386 0.227273 0.508475 0.215909 0.210227 0.122159 0.119318 0.196023 0.184659 0.210227 0.224432 0.201705 0.201705 0.201705 0.210227 0.198864 0.196023 0.204545 0.198864 0.204545 0.210227 0.196023 0.204545 0.201705 0.225071 0.198864 0.198864 0.207386 0.193182 0.218750 0.193182 0.204545 0.221591 0.204545 0.190341 0.221591 0.204545 0.238636 0.190341 0.193182 0.215909 0.193182 0.221591 0.204545 0.210227 0.190341 0.215909 0.221591 0.221591 0.210227 0.207386 0.215909 0.221591 0.204545 0.238636 0.190341 0.193182 0.218750 0.193182 0.221591 0.204545 0.210227 0.190341 0.215909 0.193182 0.252841 0.204545 0.241477 0.201705 0.201705 0.494382 0.232558 0.211144 0.262857 0.222543 0.252874
1.688.1A.X:174522-174653 0.598485 0.113636 0.053030 0.030303 0.075758 0.000000 0.068182 0.000000 0.045455 0.022727 0.083333 0.000000 0.022727 0.000000 0.068182 0.000000 0.045455 0.022727 0.083333 0.000000 0.022727 0.121212 0.090909 0.575758 0.060606 0.575758 0.575758 0.181818 0.712871 0.553030 0.060606 0.121212 0.090909 0.746667 0.060606 0.113636 0.068182 0.098485 0.060606 0.113636 0.068182 0.098485 0.106061 0.068182 0.060606 0.083333 0.060606 0.083333 0.083333 0.060606 0.060606 0.068182 0.060606 0.060606 0.068182 0.060606 0.083333 0.060606 0.083333 0.060606 0.075758 0.075758 0.083333 0.106061 0.083333 0.090909 0.083333 0.068182 0.075758 0.083333 0.075758 0.083333 0.060606 0.694915 0.098485 0.083333 0.075758 0.083333 0.090909 0.083333 0.075758 0.083333 0.083333 0.083333 0.075758 0.098485 0.053030 0.053030 0.075758 0.060606 0.075758 0.060606 0.060606 0.075758 0.083333 0.060606 0.060606 0.060606 0.075758 0.075758 0.106061 0.060606 0.068182 0.068182 0.075758 0.060606 0.068182 0.075758 0.098485 0.068182 0.060606 0.098485 0.060606 0.068182 0.075758 0.098485 0.068182 0.098485 0.068182 0.075758 0.098485 0.068182 0.098485 0.068182 0.075758 0.098485 0.068182 0.060606 0.106061 0.060606 0.068182 0.075758 0.098485 0.068182 0.098485 0.060606 0.068182 0.075758 0.098485 0.053030 0.060606 0.741573 0.136364 0.098485 0.068182 0.090909 0.106061
1.688.1A.X:174971-175322 0.278049 0.187500 0.262590 0.209964 0.193182 0.045455 0.019886 0.045455 0.000000 0.225092 0.219373 0.017241 0.225092 0.017241 0.019886 0.045455 0.000000 0.225092 0.219373 0.017241 0.225092 0.217765 0.193182 0.320000 0.164773 0.235897 0.342222 0.208696 0.049505 0.278302 0.179191 0.217765 0.193182 0.533333 0.181818 0.201705 0.176136 0.201705 0.181818 0.201705 0.176136 0.201705 0.184659 0.185185 0.210227 0.173295 0.187500 0.173295 0.190883 0.181818 0.181818 0.181818 0.232092 0.096866 0.185185 0.210227 0.173295 0.187500 0.173295 0.190341 0.181818 0.184659 0.187500 0.190341 0.187500 0.190341 0.178977 0.164773 0.187500 0.184659 0.184659 0.184659 0.207386 0.508475 0.193182 0.187500 0.102273 0.096591 0.176136 0.167614 0.187500 0.201705 0.178977 0.178977 0.178977 0.187500 0.181818 0.173295 0.187500 0.176136 0.187500 0.193182 0.176136 0.187500 0.181818 0.205128 0.178977 0.178977 0.190341 0.173295 0.196023 0.173295 0.184659 0.201705 0.181818 0.173295 0.201705 0.181818 0.221591 0.170455 0.173295 0.193182 0.173295 0.201705 0.181818 0.193182 0.170455 0.193182 0.201705 0.198864 0.193182 0.187500 0.193182 0.201705 0.181818 0.221591 0.170455 0.173295 0.196023 0.173295 0.201705 0.181818 0.193182 0.170455 0.193182 0.173295 0.232955 0.181818 0.224432 0.181818 0.181818 0.494382 0.220930 0.202346 0.240000 0.222543 0.249042
1.688.1A.X:175319-175589 0.160976 0.121771 0.140221 0.070111 0.095941 0.022727 0.239852 0.022727 0.225092 0.000000 0.103321 0.051724 0.000000 0.051724 0.239852 0.022727 0.225092 0.000000 0.103321 0.051724 0.000000 0.103321 0.114391 0.217778 0.114391 0.225641 0.200000 0.162362 0.673267 0.155660 0.025830 0.103321 0.114391 0.106667 0.114391 0.129151 0.070111 0.099631 0.114391 0.129151 0.070111 0.099631 0.095941 0.084871 0.121771 0.118081 0.147601 0.125461 0.092251 0.114391 0.114391 0.084871 0.025830 0.239852 0.084871 0.121771 0.118081 0.147601 0.118081 0.140221 0.103321 0.095941 0.077491 0.118081 0.092251 0.081181 0.121771 0.136531 0.092251 0.125461 0.070111 0.125461 0.110701 0.118644 0.140221 0.114391 0.254613 0.236162 0.121771 0.143911 0.088561 0.118081 0.110701 0.081181 0.073801 0.140221 0.103321 0.099631 0.077491 0.092251 0.077491 0.099631 0.103321 0.084871 0.114391 0.143911 0.099631 0.110701 0.084871 0.073801 0.147601 0.099631 0.107011 0.110701 0.114391 0.066421 0.110701 0.114391 0.092251 0.070111 0.099631 0.143911 0.099631 0.110701 0.114391 0.092251 0.107011 0.129151 0.110701 0.129151 0.092251 0.121771 0.129151 0.110701 0.114391 0.092251 0.070111 0.099631 0.147601 0.099631 0.110701 0.114391 0.092251 0.070111 0.143911 0.099631 0.110701 0.114391 0.095941 0.129151 0.099631 0.067416 0.118081 0.084871 0.092251 0.077491 0.084291
1.688.1A.X:175591-175941 0.107317 0.122507 0.129496 0.088968 0.031339 0.083333 0.236467 0.083333 0.219373 0.103321 0.000000 0.068966 0.103321 0.068966 0.236467 0.083333 0.219373 0.103321 0.000000 0.068966 0.103321 0.077364 0.099715 0.142222 0.111111 0.164103 0.146667 0.173913 0.237624 0.084906 0.135838 0.077364 0.099715 0.160000 0.122507 0.125356 0.102564 0.105413 0.122507 0.125356 0.102564 0.105413 0.096866 0.116809 0.142450 0.108262 0.159544 0.113960 0.111111 0.122507 0.122507 0.094017 0.160458 0.239316 0.116809 0.142450 0.108262 0.159544 0.108262 0.156695 0.099715 0.102564 0.088319 0.108262 0.108262 0.091168 0.108262 0.210826 0.091168 0.116809 0.122507 0.116809 0.156695 0.135593 0.131054 0.113960 0.233618 0.193732 0.111111 0.207977 0.088319 0.113960 0.102564 0.085470 0.094017 0.128205 0.102564 0.111111 0.102564 0.088319 0.102564 0.094017 0.116809 0.105413 0.096866 0.148148 0.096866 0.119658 0.105413 0.088319 0.131054 0.091168 0.099715 0.122507 0.113960 0.091168 0.122507 0.113960 0.113960 0.085470 0.091168 0.128205 0.091168 0.122507 0.113960 0.108262 0.091168 0.116809 0.122507 0.128205 0.108262 0.108262 0.116809 0.122507 0.113960 0.113960 0.085470 0.091168 0.131054 0.091168 0.122507 0.113960 0.108262 0.085470 0.128205 0.091168 0.145299 0.113960 0.116809 0.133903 0.096866 0.067416 0.159884 0.096774 0.105714 0.141618 0.118774
1.688.1A.X:176536-176593 0.086207 0.137931 0.068966 0.034483 0.051724 0.000000 0.017241 0.000000 0.017241 0.051724 0.068966 0.000000 0.051724 0.000000 0.017241 0.000000 0.017241 0.051724 0.068966 0.000000 0.051724 0.051724 0.051724 0.034483 0.034483 0.034483 0.034483 0.206897 0.586207 0.000000 0.034483 0.051724 0.051724 0.758621 0.034483 0.137931 0.068966 0.051724 0.034483 0.137931 0.068966 0.051724 0.086207 0.068966 0.034483 0.068966 0.017241 0.068966 0.051724 0.034483 0.034483 0.034483 0.034483 0.017241 0.068966 0.034483 0.068966 0.017241 0.068966 0.017241 0.051724 0.068966 0.034483 0.068966 0.068966 0.051724 0.034483 0.034483 0.051724 0.034483 0.068966 0.034483 0.034483 0.741379 0.051724 0.068966 0.034483 0.068966 0.068966 0.034483 0.051724 0.034483 0.034483 0.034483 0.034483 0.051724 0.017241 0.017241 0.068966 0.034483 0.068966 0.034483 0.017241 0.068966 0.068966 0.017241 0.034483 0.017241 0.068966 0.034483 0.068966 0.034483 0.034483 0.034483 0.017241 0.034483 0.034483 0.017241 0.120690 0.034483 0.034483 0.051724 0.034483 0.034483 0.017241 0.120690 0.034483 0.051724 0.034483 0.017241 0.120690 0.034483 0.051724 0.034483 0.017241 0.120690 0.034483 0.034483 0.051724 0.034483 0.034483 0.017241 0.120690 0.034483 0.051724 0.034483 0.034483 0.017241 0.120690 0.017241 0.034483 0.706897 0.137931 0.034483 0.017241 0.051724 0.017241
1.688.1A.X:176660-176930 0.160976 0.121771 0.140221 0.070111 0.095941 0.022727 0.239852 0.022727 0.225092 0.000000 0.103321 0.051724 0.000000 0.051724 0.239852 0.022727 0.225092 0.000000 0.103321 0.051724 0.000000 0.103321 0.114391 0.217778 0.114391 0.225641 0.200000 0.162362 0.673267 0.155660 0.025830 0.103321 0.114391 0.106667 0.114391 0.129151 0.070111 0.099631 0.114391 0.129151 0.070111 0.099631 0.095941 0.084871 0.121771 0.118081 0.147601 0.125461 0.092251 0.114391 0.114391 0.084871 0.025830 0.239852 0.084871 0.121771 0.118081 0.147601 0.118081 0.140221 0.103321 0.095941 0.077491 0.118081 0.092251 0.081181 0.121771 0.136531 0.092251 0.125461 0.070111 0.125461 0.110701 0.118644 0.140221 0.114391 0.254613 0.236162 0.121771 0.143911 0.088561 0.118081 0.110701 0.081181 0.073801 0.140221 0.103321 0.099631 0.077491 0.092251 0.077491 0.099631 0.103321 0.084871 0.114391 0.143911 0.099631 0.110701 0.084871 0.073801 0.147601 0.099631 0.107011 0.110701 0.114391 0.066421 0.110701 0.114391 0.092251 0.070111 0.099631 0.143911 0.099631 0.110701 0.114391 0.092251 0.107011 0.129151 0.110701 0.129151 0.092251 0.121771 0.129151 0.110701 0.114391 0.092251 0.070111 0.099631 0.147601 0.099631 0.110701 0.114391 0.092251 0.070111 0.143911 0.099631 0.110701 0.114391 0.095941 0.129151 0.099631 0.067416 0.118081 0.084871 0.092251 0.077491 0.084291
1.688.1A.X:177196-177253 0.086207 0.137931 0.068966 0.034483 0.051724 0.000000 0.017241 0.000000 0.017241 0.051724 0.068966 0.000000 0.051724 0.000000 0.017241 0.000000 0.017241 0.051724 0.068966 0.000000 0.051724 0.051724 0.051724 0.034483 0.034483 0.034483 0.034483 0.206897 0.586207 0.000000 0.034483 0.051724 0.051724 0.758621 0.034483 0.137931 0.068966 0.051724 0.034483 0.137931 0.068966 0.051724 0.086207 0.068966 0.034483 0.068966 0.017241 0.068966 0.051724 0.034483 0.034483 0.034483 0.034483 0.017241 0.068966 0.034483 0.068966 0.017241 0.068966 0.017241 0.051724 0.068966 0.034483 0.068966 0.068966 0.051724 0.034483 0.034483 0.051724 0.034483 0.068966 0.034483 0.034483 0.741379 0.051724 0.068966 0.034483 0.068966 0.068966 0.034483 0.051724 0.034483 0.034483 0.034483 0.034483 0.051724 0.017241 0.017241 0.068966 0.034483 0.068966 0.034483 0.017241 0.068966 0.068966 0.017241 0.034483 0.017241 0.068966 0.034483 0.068966 0.034483 0.034483 0.034483 0.017241 0.034483 0.034483 0.017241 0.120690 0.034483 0.034483 0.051724 0.034483 0.034483 0.017241 0.120690 0.034483 0.051724 0.034483 0.017241 0.120690 0.034483 0.051724 0.034483 0.017241 0.120690 0.034483 0.034483 0.051724 0.034483 0.034483 0.017241 0.120690 0.034483 0.051724 0.034483 0.034483 0.017241 0.120690 0.017241 0.034483 0.706897 0.137931 0.034483 0.017241 0.051724 0.017241
1.688.1A.X:177571-177922 0.282927 0.210227 0.269784 0.217082 0.210227 0.068182 0.000000 0.068182 0.019886 0.239852 0.236467 0.017241 0.239852 0.017241 0.000000 0.068182 0.019886 0.239852 0.236467 0.017241 0.239852 0.237822 0.204545 0.333333 0.184659 0.235897 0.342222 0.231884 0.059406 0.283019 0.199422 0.237822 0.204545 0.533333 0.201705 0.224432 0.184659 0.224432 0.201705 0.224432 0.184659 0.224432 0.207386 0.193732 0.218750 0.193182 0.204545 0.193182 0.199430 0.201705 0.201705 0.204545 0.252149 0.122507 0.193732 0.218750 0.193182 0.204545 0.193182 0.207386 0.204545 0.207386 0.210227 0.213068 0.210227 0.213068 0.198864 0.181818 0.210227 0.207386 0.204545 0.207386 0.227273 0.508475 0.215909 0.210227 0.122159 0.119318 0.196023 0.184659 0.210227 0.224432 0.201705 0.201705 0.201705 0.210227 0.198864 0.196023 0.204545 0.198864 0.204545 0.210227 0.196023 0.204545 0.201705 0.225071 0.198864 0.198864 0.207386 0.193182 0.218750 0.193182 0.204545 0.221591 0.204545 0.190341 0.221591 0.204545 0.238636 0.190341 0.193182 0.215909 0.193182 0.221591 0.204545 0.210227 0.190341 0.215909 0.221591 0.221591 0.210227 0.207386 0.215909 0.221591 0.204545 0.238636 0.190341 0.193182 0.218750 0.193182 0.221591 0.204545 0.210227 0.190341 0.215909 0.193182 0.252841 0.204545 0.241477 0.201705 0.201705 0.494382 0.232558 0.211144 0.262857 0.222543 0.252874
1.688.1A.X:177919-178050 0.598485 0.113636 0.053030 0.030303 0.075758 0.000000 0.068182 0.000000 0.045455 0.022727 0.083333 0.000000 0.022727 0.000000 0.068182 0.000000 0.045455 0.022727 0.083333 0.000000 0.022727 0.121212 0.090909 0.575758 0.060606 0.575758 0.575758 0.181818 0.712871 0.553030 0.060606 0.121212 0.090909 0.746667 0.060606 0.113636 0.068182 0.098485 0.060606 0.113636 0.068182 0.098485 0.106061 0.068182 0.060606 0.083333 0.060606 0.083333 0.083333 0.060606 0.060606 0.068182 0.060606 0.060606 0.068182 0.060606 0.083333 0.060606 0.083333 0.060606 0.075758 0.075758 0.083333 0.106061 0.083333 0.090909 0.083333 0.068182 0.075758 0.083333 0.075758 0.083333 0.060606 0.694915 0.098485 0.083333 0.075758 0.083333 0.090909 0.083333 0.075758 0.083333 0.083333 0.083333 0.075758 0.098485 0.053030 0.053030 0.075758 0.060606 0.075758 0.060606 0.060606 0.075758 0.083333 0.060606 0.060606 0.060606 0.075758 0.075758 0.106061 0.060606 0.068182 0.068182 0.075758 0.060606 0.068182 0.075758 0.098485 0.068182 0.060606 0.098485 0.060606 0.068182 0.075758 0.098485 0.068182 0.098485 0.068182 0.075758 0.098485 0.068182 0.098485 0.068182 0.075758 0.098485 0.068182 0.060606 0.106061 0.060606 0.068182 0.075758 0.098485 0.068182 0.098485 0.060606 0.068182 0.075758 0.098485 0.053030 0.060606 0.741573 0.136364 0.098485 0.068182 0.090909 0.106061
1.688.1A.X:178368-178719 0.278049 0.187500 0.262590 0.209964 0.193182 0.045455 0.019886 0.045455 0.000000 0.225092 0.219373 0.017241 0.225092 0.017241 0.019886 0.045455 0.000000 0.225092 0.219373 0.017241 0.225092 0.217765 0.193182 0.320000 0.164773 0.235897 0.342222 0.208696 0.049505 0.278302 0.179191 0.217765 0.193182 0.533333 0.181818 0.201705 0.176136 0.201705 0.181818 0.201705 0.176136 0.201705 0.184659 0.185185 0.210227 0.173295 0.187500 0.173295 0.190883 0.181818 0.181818 0.181818 0.232092 0.096866 0.185185 0.210227 0.173295 0.187500 0.173295 0.190341 0.181818 0.184659 0.187500 0.190341 0.187500 0.190341 0.178977 0.164773 0.187500 0.184659 0.184659 0.184659 0.207386 0.508475 0.193182 0.187500 0.102273 0.096591 0.176136 0.167614 0.187500 0.201705 0.178977 0.178977 0.178977 0.187500 0.181818 0.173295 0.187500 0.176136 0.187500 0.193182 0.176136 0.187500 0.181818 0.205128 0.178977 0.178977 0.190341 0.173295 0.196023 0.173295 0.184659 0.201705 0.181818 0.173295 0.201705 0.181818 0.221591 0.170455 0.173295 0.193182 0.173295 0.201705 0.181818 0.193182 0.170455 0.193182 0.201705 0.198864 0.193182 0.187500 0.193182 0.201705 0.181818 0.221591 0.170455 0.173295 0.196023 0.173295 0.201705 0.181818 0.193182 0.170455 0.193182 0.173295 0.232955 0.181818 0.224432 0.181818 0.181818 0.494382 0.220930 0.202346 0.240000 0.222543 0.249042
1.688.1A.X:178716-178986 0.160976 0.121771 0.140221 0.070111 0.095941 0.022727 0.239852 0.022727 0.225092 0.000000 0.103321 0.051724 0.000000 0.051724 0.239852 0.022727 0.225092 0.000000 0.103321 0.051724 0.000000 0.103321 0.114391 0.217778 0.114391 0.225641 0.200000 0.162362 0.673267 0.155660 0.025830 0.103321 0.114391 0.106667 0.114391 0.129151 0.070111 0.099631 0.114391 0.129151 0.070111 0.099631 0.095941 0.084871 0.121771 0.118081 0.147601 0.125461 0.092251 0.114391 0.114391 0.084871 0.025830 0.239852 0.084871 0.121771 0.118081 0.147601 0.118081 0.140221 0.103321 0.095941 0.077491 0.118081 0.092251 0.081181 0.121771 0.136531 0.092251 0.125461 0.070111 0.125461 0.110701 0.118644 0.140221 0.114391 0.254613 0.236162 0.121771 0.143911 0.088561 0.118081 0.110701 0.081181 0.073801 0.140221 0.103321 0.099631 0.077491 0.092251 0.077491 0.099631 0.103321 0.084871 0.114391 0.143911 0.099631 0.110701 0.084871 0.073801 0.147601 0.099631 0.107011 0.110701 0.114391 0.066421 0.110701 0.114391 0.092251 0.070111 0.099631 0.143911 0.099631 0.110701 0.114391 0.092251 0.107011 0.129151 0.110701 0.129151 0.092251 0.121771 0.129151 0.110701 0.114391 0.092251 0.070111 0.099631 0.147601 0.099631 0.110701 0.114391 0.092251 0.070111 0.143911 0.099631 0.110701 0.114391 0.095941 0.129151 0.099631 0.067416 0.118081 0.084871 0.092251 0.077491 0.084291
1.688.1A.X:178988-179338 0.107317 0.122507 0.129496 0.088968 0.031339 0.083333 0.236467 0.083333 0.219373 0.103321 0.000000 0.068966 0.103321 0.068966 0.236467 0.083333 0.219373 0.103321 0.000000 0.068966 0.103321 0.077364 0.099715 0.142222 0.111111 0.164103 0.146667 0.173913 0.237624 0.084906 0.135838 0.077364 0.099715 0.160000 0.122507 0.125356 0.102564 0.105413 0.122507 0.125356 0.102564 0.105413 0.096866 0.116809 0.142450 0.108262 0.159544 0.113960 0.111111 0.122507 0.122507 0.094017 0.160458 0.239316 0.116809 0.142450 0.108262 0.159544 0.108262 0.156695 0.099715 0.102564 0.088319 0.108262 0.108262 0.091168 0.108262 0.210826 0.091168 0.116809 0.122507 0.116809 0.156695 0.135593 0.131054 0.113960 0.233618 0.193732 0.111111 0.207977 0.088319 0.113960 0.102564 0.085470 0.094017 0.128205 0.102564 0.111111 0.102564 0.088319 0.102564 0.094017 0.116809 0.105413 0.096866 0.148148 0.096866 0.119658 0.105413 0.088319 0.131054 0.091168 0.099715 0.122507 0.113960 0.091168 0.122507 0.113960 0.113960 0.085470 0.091168 0.128205 0.091168 0.122507 0.113960 0.108262 0.091168 0.116809 0.122507 0.128205 0.108262 0.108262 0.116809 0.122507 0.113960 0.113960 0.085470 0.091168 0.131054 0.091168 0.122507 0.113960 0.108262 0.085470 0.128205 0.091168 0.145299 0.113960 0.116809 0.133903 0.096866 0.067416 0.159884 0.096774 0.105714 0.141618 0.118774
1.688.1A.X:179934-179991 0.086207 0.137931 0.068966 0.034483 0.051724 0.000000 0.017241 0.000000 0.017241 0.051724 0.068966 0.000000 0.051724 0.000000 0.017241 0.000000 0.017241 0.051724 0.068966 0.000000 0.051724 0.051724 0.051724 0.034483 0.034483 0.034483 0.034483 0.206897 0.586207 0.000000 0.034483 0.051724 0.051724 0.758621 0.034483 0.137931 0.068966 0.051724 0.034483 0.137931 0.068966 0.051724 0.086207 0.068966 0.034483 0.068966 0.017241 0.068966 0.051724 0.034483 0.034483 0.034483 0.034483 0.017241 0.068966 0.034483 0.068966 0.017241 0.068966 0.017241 0.051724 0.068966 0.034483 0.068966 0.068966 0.051724 0.034483 0.034483 0.051724 0.034483 0.068966 0.034483 0.034483 0.741379 0.051724 0.068966 0.034483 0.068966 0.068966 0.034483 0.051724 0.034483 0.034483 0.034483 0.034483 0.051724 0.017241 0.017241 0.068966 0.034483 0.068966 0.034483 0.017241 0.068966 0.068966 0.017241 0.034483 0.017241 0.068966 0.034483 0.068966 0.034483 0.034483 0.034483 0.017241 0.034483 0.034483 0.017241 0.120690 0.034483 0.034483 0.051724 0.034483 0.034483 0.017241 0.120690 0.034483 0.051724 0.034483 0.017241 0.120690 0.034483 0.051724 0.034483 0.017241 0.120690 0.034483 0.034483 0.051724 0.034483 0.034483 0.017241 0.120690 0.034483 0.051724 0.034483 0.034483 0.017241 0.120690 0.017241 0.034483 0.706897 0.137931 0.034483 0.017241 0.051724 0.017241
1.688.1A.X:180058-180328 0.160976 0.121771 0.140221 0.070111 0.095941 0.022727 0.239852 0.022727 0.225092 0.000000 0.103321 0.051724 0.000000 0.051724 0.239852 0.022727 0.225092 0.000000 0.103321 0.051724 0.000000 0.103321 0.114391 0.217778 0.114391 0.225641 0.200000 0.162362 0.673267 0.155660 0.025830 0.103321 0.114391 0.106667 0.114391 0.129151 0.070111 0.099631 0.114391 0.129151 0.070111 0.099631 0.095941 0.084871 0.121771 0.118081 0.147601 0.125461 0.092251 0.114391 0.114391 0.084871 0.025830 0.239852 0.084871 0.121771 0.118081 0.147601 0.118081 0.140221 0.103321 0.095941 0.077491 0.118081 0.092251 0.081181 0.121771 0.136531 0.092251 0.125461 0.070111 0.125461 0.110701 0.118644 0.140221 0.114391 0.254613 0.236162 0.121771 0.143911 0.088561 0.118081 0.110701 0.081181 0.073801 0.140221 0.103321 0.099631 0.077491 0.092251 0.077491 0.099631 0.103321 0.084871 0.114391 0.143911 0.099631 0.110701 0.084871 0.073801 0.147601 0.099631 0.107011 0.110701 0.114391 0.066421 0.110701 0.114391 0.092251 0.070111 0.099631 0.143911 0.099631 0.110701 0.114391 0.092251 0.107011 0.129151 0.110701 0.129151 0.092251 0.121771 0.129151 0.110701 0.114391 0.092251 0.070111 0.099631 0.147601 0.099631 0.110701 0.114391 0.092251 0.070111 0.143911 0.099631 0.110701 0.114391 0.095941 0.129151 0.099631 0.067416 0.118081 0.084871 0.092251 0.077491 0.084291
1.688.1A.X:180330-180678 0.087805 0.111748 0.133094 0.088968 0.060172 0.121212 0.237822 0.121212 0.217765 0.103321 0.077364 0.051724 0.103321 0.051724 0.237822 0.121212 0.217765 0.103321 0.077364 0.051724 0.103321 0.000000 0.085960 0.120000 0.106017 0.133333 0.111111 0.133333 0.217822 0.061321 0.124277 0.000000 0.085960 0.120000 0.108883 0.111748 0.077364 0.100287 0.108883 0.111748 0.077364 0.100287 0.085960 0.103152 0.206304 0.103152 0.154728 0.108883 0.097421 0.108883 0.108883 0.080229 0.174785 0.237822 0.103152 0.206304 0.103152 0.154728 0.103152 0.151862 0.088825 0.080229 0.068768 0.094556 0.083095 0.071633 0.103152 0.277937 0.077364 0.103152 0.186246 0.103152 0.126074 0.135593 0.117479 0.100287 0.229226 0.191977 0.106017 0.275072 0.074499 0.088825 0.088825 0.063037 0.074499 0.114613 0.091691 0.097421 0.080229 0.074499 0.080229 0.074499 0.100287 0.080229 0.085960 0.134670 0.088825 0.103152 0.083095 0.063037 0.117479 0.083095 0.088825 0.106017 0.100287 0.065903 0.106017 0.100287 0.108883 0.060172 0.083095 0.114613 0.083095 0.106017 0.100287 0.083095 0.080229 0.103152 0.106017 0.114613 0.083095 0.097421 0.103152 0.106017 0.100287 0.108883 0.060172 0.083095 0.117479 0.083095 0.106017 0.100287 0.083095 0.060172 0.114613 0.083095 0.134670 0.100287 0.180516 0.131805 0.091691 0.044944 0.159884 0.067449 0.177650 0.138728 0.114943
1.688.1A.X:180680-181034 0.112195 0.098592 0.154676 0.099644 0.087819 0.090909 0.204545 0.090909 0.193182 0.114391 0.099715 0.051724 0.114391 0.051724 0.204545 0.090909 0.193182 0.114391 0.099715 0.051724 0.114391 0.085960 0.000000 0.160000 0.109859 0.169231 0.151111 0.098551 0.108911 0.099057 0.101156 0.085960 0.000000 0.093333 0.112676 0.104225 0.092958 0.104225 0.112676 0.104225 0.092958 0.104225 0.092958 0.105413 0.160563 0.109859 0.124646 0.115493 0.099715 0.112676 0.112676 0.084507 0.151862 0.205128 0.105413 0.160563 0.109859 0.124646 0.109859 0.126761 0.085227 0.087571 0.076056 0.098592 0.087324 0.078873 0.107042 0.140845 0.079320 0.087324 0.090141 0.087324 0.138028 0.101695 0.093220 0.096591 0.208451 0.194366 0.112676 0.143662 0.076487 0.098592 0.076056 0.070423 0.078873 0.096045 0.101408 0.076487 0.092958 0.084507 0.092958 0.115493 0.090141 0.098592 0.104225 0.108262 0.101408 0.092958 0.101408 0.076056 0.107345 0.095775 0.104225 0.112676 0.084507 0.078873 0.112676 0.084507 0.124646 0.073239 0.095775 0.101695 0.095775 0.112676 0.084507 0.104225 0.095775 0.092958 0.112676 0.101408 0.104225 0.112676 0.092958 0.112676 0.084507 0.124646 0.073239 0.095775 0.104520 0.095775 0.112676 0.084507 0.104225 0.073239 0.101695 0.095775 0.138810 0.084507 0.127479 0.124294 0.099150 0.056180 0.130814 0.067449 0.122857 0.118497 0.122605
1.688.1A.X:181041-181265 0.058537 0.142222 0.168889 0.146667 0.133333 0.575758 0.333333 0.575758 0.320000 0.217778 0.142222 0.034483 0.217778 0.034483 0.333333 0.575758 0.320000 0.217778 0.142222 0.034483 0.217778 0.120000 0.160000 0.000000 0.146667 0.051282 0.044444 0.146667 0.594059 0.023585 0.213333 0.120000 0.160000 0.133333 0.191111 0.142222 0.137778 0.155556 0.191111 0.142222 0.137778 0.155556 0.124444 0.173333 0.155556 0.142222 0.155556 0.151111 0.155556 0.191111 0.191111 0.160000 0.208889 0.297778 0.173333 0.155556 0.142222 0.155556 0.142222 0.146667 0.164444 0.151111 0.133333 0.164444 0.142222 0.137778 0.142222 0.182222 0.146667 0.111111 0.124444 0.111111 0.128889 0.152542 0.124444 0.191111 0.266667 0.262222 0.142222 0.173333 0.142222 0.102222 0.093333 0.128889 0.142222 0.124444 0.111111 0.102222 0.124444 0.106667 0.124444 0.115556 0.102222 0.133333 0.111111 0.155556 0.115556 0.106667 0.133333 0.128889 0.128889 0.115556 0.120000 0.186667 0.097778 0.128889 0.186667 0.097778 0.146667 0.128889 0.115556 0.124444 0.115556 0.186667 0.097778 0.146667 0.120000 0.106667 0.186667 0.124444 0.146667 0.146667 0.106667 0.186667 0.097778 0.146667 0.128889 0.115556 0.124444 0.115556 0.186667 0.097778 0.146667 0.128889 0.124444 0.115556 0.186667 0.097778 0.151111 0.186667 0.115556 0.044944 0.222222 0.133333 0.146667 0.222222 0.266667
1.688.1A.X:181266-181620 0.087805 0.064789 0.100719 0.103203 0.082153 0.060606 0.184659 0.060606 0.164773 0.114391 0.111111 0.034483 0.114391 0.034483 0.184659 0.060606 0.164773 0.114391 0.111111 0.034483 0.114391 0.106017 0.109859 0.146667 0.000000 0.189744 0.182222 0.078261 0.049505 0.075472 0.069364 0.106017 0.109859 0.026667 0.030986 0.073239 0.064789 0.084507 0.030986 0.073239 0.064789 0.084507 0.067606 0.079772 0.067606 0.016901 0.056657 0.016901 0.082621 0.030986 0.030986 0.056338 0.123209 0.156695 0.079772 0.067606 0.016901 0.056657 0.016901 0.059155 0.051136 0.064972 0.064789 0.056338 0.070423 0.067606 0.014085 0.081690 0.076487 0.064789 0.053521 0.064789 0.070423 0.016949 0.076271 0.053977 0.138028 0.121127 0.019718 0.081690 0.073654 0.078873 0.059155 0.059155 0.087324 0.073446 0.053521 0.059490 0.084507 0.036620 0.084507 0.053521 0.045070 0.087324 0.050704 0.068376 0.039437 0.047887 0.090141 0.056338 0.076271 0.033803 0.036620 0.070423 0.064789 0.073239 0.070423 0.064789 0.113314 0.053521 0.033803 0.073446 0.033803 0.070423 0.064789 0.090141 0.050704 0.070423 0.070423 0.081690 0.090141 0.067606 0.070423 0.070423 0.064789 0.113314 0.053521 0.033803 0.076271 0.033803 0.070423 0.064789 0.090141 0.053521 0.073446 0.033803 0.096317 0.064789 0.116147 0.056497 0.048159 0.112360 0.104651 0.079179 0.140000 0.147399 0.141762
1.688.1A.X:181630-181824 0.194872 0.194872 0.215385 0.138462 0.153846 0.575758 0.235897 0.575758 0.235897 0.225641 0.164103 0.034483 0.225641 0.034483 0.235897 0.575758 0.235897 0.225641 0.164103 0.034483 0.225641 0.133333 0.169231 0.051282 0.189744 0.000000 0.010256 0.215385 0.594059 0.143590 0.220513 0.133333 0.169231 0.480000 0.164103 0.205128 0.143590 0.123077 0.164103 0.205128 0.143590 0.123077 0.128205 0.143590 0.189744 0.194872 0.194872 0.194872 0.123077 0.164103 0.164103 0.128205 0.220513 0.220513 0.143590 0.189744 0.194872 0.194872 0.194872 0.194872 0.138462 0.133333 0.138462 0.138462 0.133333 0.143590 0.194872 0.230769 0.117949 0.164103 0.117949 0.164103 0.174359 0.559322 0.169231 0.164103 0.220513 0.210256 0.194872 0.220513 0.117949 0.164103 0.153846 0.128205 0.148718 0.169231 0.169231 0.164103 0.128205 0.169231 0.128205 0.174359 0.164103 0.112821 0.169231 0.220513 0.174359 0.169231 0.112821 0.133333 0.174359 0.174359 0.174359 0.169231 0.153846 0.133333 0.169231 0.153846 0.128205 0.133333 0.174359 0.169231 0.174359 0.169231 0.153846 0.128205 0.174359 0.169231 0.169231 0.184615 0.128205 0.205128 0.169231 0.169231 0.153846 0.128205 0.133333 0.174359 0.169231 0.174359 0.169231 0.153846 0.128205 0.133333 0.169231 0.174359 0.169231 0.153846 0.133333 0.235897 0.174359 0.426966 0.297436 0.117949 0.148718 0.246154 0.256410
1.688.1A.X:181826-182050 0.097561 0.177778 0.191111 0.137778 0.137778 0.575758 0.342222 0.575758 0.342222 0.200000 0.146667 0.034483 0.200000 0.034483 0.342222 0.575758 0.342222 0.200000 0.146667 0.034483 0.200000 0.111111 0.151111 0.044444 0.182222 0.010256 0.000000 0.182222 0.594059 0.070755 0.195556 0.111111 0.151111 0.133333 0.160000 0.182222 0.120000 0.120000 0.160000 0.182222 0.120000 0.120000 0.115556 0.137778 0.191111 0.177778 0.195556 0.186667 0.120000 0.160000 0.160000 0.124444 0.195556 0.328889 0.137778 0.191111 0.177778 0.195556 0.177778 0.186667 0.128889 0.133333 0.115556 0.128889 0.124444 0.120000 0.177778 0.217778 0.115556 0.146667 0.106667 0.146667 0.164444 0.152542 0.160000 0.155556 0.302222 0.311111 0.177778 0.208889 0.106667 0.137778 0.128889 0.111111 0.124444 0.160000 0.146667 0.137778 0.106667 0.142222 0.106667 0.151111 0.137778 0.097778 0.146667 0.186667 0.151111 0.142222 0.097778 0.111111 0.164444 0.151111 0.151111 0.151111 0.128889 0.111111 0.151111 0.128889 0.111111 0.111111 0.151111 0.160000 0.151111 0.151111 0.128889 0.111111 0.155556 0.142222 0.151111 0.155556 0.111111 0.182222 0.142222 0.151111 0.128889 0.111111 0.111111 0.151111 0.160000 0.151111 0.151111 0.128889 0.111111 0.111111 0.160000 0.151111 0.151111 0.128889 0.115556 0.222222 0.151111 0.089888 0.257778 0.115556 0.128889 0.217778 0.253333
1.688.1A.X:182051-182395 0.092683 0.052174 0.172662 0.145907 0.107246 0.181818 0.231884 0.181818 0.208696 0.162362 0.173913 0.206897 0.162362 0.206897 0.231884 0.181818 0.208696 0.162362 0.173913 0.206897 0.162362 0.133333 0.098551 0.146667 0.078261 0.215385 0.182222 0.000000 0.069307 0.094340 0.121739 0.133333 0.098551 0.120000 0.104348 0.034783 0.081159 0.104348 0.104348 0.034783 0.081159 0.104348 0.084058 0.115942 0.133333 0.084058 0.086957 0.089855 0.121739 0.104348 0.104348 0.084058 0.162319 0.179710 0.115942 0.133333 0.084058 0.086957 0.084058 0.084058 0.107246 0.084058 0.072464 0.101449 0.081159 0.075362 0.075362 0.101449 0.095652 0.040580 0.084058 0.040580 0.089855 0.135593 0.055072 0.121739 0.162319 0.173913 0.086957 0.104348 0.092754 0.052174 0.034783 0.066667 0.092754 0.049275 0.052174 0.043478 0.101449 0.037681 0.101449 0.066667 0.034783 0.104348 0.072464 0.069565 0.052174 0.037681 0.107246 0.081159 0.057971 0.046377 0.055072 0.101449 0.037681 0.086957 0.101449 0.037681 0.139130 0.078261 0.046377 0.055072 0.046377 0.101449 0.037681 0.110145 0.063768 0.043478 0.101449 0.055072 0.110145 0.081159 0.043478 0.101449 0.037681 0.139130 0.078261 0.046377 0.057971 0.046377 0.101449 0.037681 0.110145 0.078261 0.055072 0.046377 0.133333 0.037681 0.142029 0.095652 0.066667 0.033708 0.116279 0.123167 0.144928 0.231884 0.191571
1.688.1A.X:182398-182498 0.564356 0.059406 0.574257 0.574257 0.138614 0.712871 0.059406 0.712871 0.049505 0.673267 0.237624 0.586207 0.673267 0.586207 0.059406 0.712871 0.049505 0.673267 0.237624 0.586207 0.673267 0.217822 0.108911 0.594059 0.049505 0.594059 0.594059 0.069307 0.000000 0.574257 0.049505 0.217822 0.108911 0.706667 0.059406 0.059406 0.019802 0.108911 0.059406 0.059406 0.019802 0.108911 0.099010 0.059406 0.168317 0.049505 0.079208 0.049505 0.059406 0.059406 0.059406 0.059406 0.207921 0.118812 0.059406 0.168317 0.049505 0.079208 0.049505 0.089109 0.089109 0.059406 0.069307 0.059406 0.059406 0.069307 0.059406 0.079208 0.089109 0.049505 0.099010 0.049505 0.168317 0.593220 0.059406 0.079208 0.079208 0.049505 0.049505 0.099010 0.089109 0.108911 0.049505 0.049505 0.089109 0.049505 0.069307 0.079208 0.108911 0.059406 0.108911 0.118812 0.079208 0.089109 0.099010 0.079208 0.069307 0.079208 0.099010 0.099010 0.049505 0.049505 0.079208 0.079208 0.059406 0.079208 0.079208 0.059406 0.178218 0.099010 0.049505 0.049505 0.049505 0.079208 0.059406 0.079208 0.089109 0.049505 0.079208 0.059406 0.079208 0.089109 0.049505 0.079208 0.059406 0.178218 0.099010 0.049505 0.049505 0.049505 0.079208 0.059406 0.079208 0.099010 0.049505 0.049505 0.188119 0.059406 0.178218 0.079208 0.099010 0.651685 0.089109 0.257426 0.207921 0.148515 0.623762
