126
1.688.8C.X:8947340-8947505 0.000000 0.198795 0.132530 0.156627 0.192771 0.198795 0.186747 0.174699 0.259036 0.361446 0.512048 0.289157 0.355422 0.144578 0.228916 0.319277 0.156627 0.120482 0.259036 0.246988 0.174699 0.144578 0.168675 0.271084 0.234940 0.168675 0.126506 0.216867 0.192771 0.156627 0.120482 0.126506 0.246988 0.168675 0.120482 0.108434 0.060241 0.066265 0.138554 0.030120 0.036145 0.066265 0.132530 0.180723 0.048193 0.090361 0.066265 0.259036 0.066265 0.030120 0.228916 0.168675 0.120482 0.102410 0.066265 0.066265 0.036145 0.066265 0.036145 0.054217 0.036145 0.036145 0.036145 0.036145 0.036145 0.036145 0.036145 0.036145 0.036145 0.036145 0.036145 0.036145 0.036145 0.036145 0.108434 0.174699 0.072289 0.126506 0.138554 0.072289 0.096386 0.102410 0.150602 0.036145 0.096386 0.066265 0.120482 0.072289 0.072289 0.060241 0.072289 0.066265 0.060241 0.036145 0.090361 0.036145 0.108434 0.036145 0.036145 0.114458 0.036145 0.072289 0.072289 0.072289 0.589744 0.048193 0.012048 0.090361 0.612903 0.042169 0.613333 0.096386 0.048193 0.066265 0.048193 0.692308 0.036145 0.042169 0.054217 0.048193 0.683099 0.036145 0.042169 0.036145 0.042169 0.734940
1.688.8C.X:8947506-8947855 0.198795 0.000000 0.168571 0.165714 0.208571 0.171429 0.171429 0.188953 0.262391 0.414414 0.381098 0.310448 0.230548 0.257143 0.242690 0.218935 0.232092 0.228571 0.161850 0.224138 0.227666 0.197143 0.225714 0.262857 0.189112 0.191429 0.182857 0.421365 0.228571 0.233236 0.174286 0.171429 0.288630 0.177143 0.262248 0.157143 0.151429 0.145714 0.148571 0.145714 0.188571 0.165714 0.151429 0.180000 0.151429 0.200000 0.168571 0.194286 0.185714 0.215116 0.200000 0.174286 0.220000 0.200000 0.171429 0.174286 0.157143 0.168571 0.157143 0.154286 0.157143 0.157143 0.157143 0.157143 0.157143 0.157143 0.157143 0.157143 0.157143 0.157143 0.157143 0.142857 0.157143 0.142857 0.165714 0.234286 0.157143 0.197143 0.174286 0.222857 0.328571 0.205714 0.231429 0.220000 0.182857 0.200000 0.237143 0.194286 0.225714 0.140000 0.157143 0.208571 0.191429 0.157143 0.165714 0.208571 0.168571 0.177143 0.188571 0.137143 0.194286 0.168571 0.185714 0.182857 0.230769 0.197492 0.171429 0.160000 0.397849 0.176656 0.253333 0.190184 0.180000 0.168571 0.200000 0.293706 0.188088 0.237143 0.171429 0.182857 0.253521 0.191223 0.237143 0.162857 0.168571 0.305389
1.688.8C.X:8947856-8948208 0.132530 0.168571 0.000000 0.212465 0.297143 0.165242 0.159544 0.180233 0.233236 0.456456 0.500000 0.322388 0.314121 0.204545 0.169591 0.218935 0.200573 0.204545 0.312139 0.218391 0.219020 0.186969 0.229462 0.188571 0.148997 0.170455 0.186969 0.394659 0.249292 0.247813 0.158640 0.167139 0.271137 0.150568 0.262248 0.130312 0.118980 0.144476 0.130312 0.107649 0.178470 0.158640 0.133144 0.167614 0.116147 0.155807 0.164306 0.213675 0.144476 0.130814 0.184136 0.167139 0.212465 0.147309 0.118980 0.101983 0.113314 0.110482 0.113314 0.127479 0.113314 0.113314 0.113314 0.113314 0.113314 0.113314 0.113314 0.113314 0.113314 0.113314 0.113314 0.104816 0.113314 0.113314 0.150142 0.169972 0.118980 0.155807 0.147309 0.142045 0.164306 0.158640 0.195467 0.164306 0.167139 0.215297 0.220963 0.161473 0.178470 0.135977 0.147309 0.178470 0.127479 0.113314 0.124646 0.178470 0.155807 0.133144 0.147309 0.138810 0.144476 0.135977 0.195467 0.161473 0.307692 0.125392 0.155807 0.127479 0.397849 0.132492 0.253333 0.147239 0.135977 0.127479 0.161473 0.300699 0.119122 0.186969 0.124646 0.144476 0.316901 0.122257 0.186969 0.118980 0.124646 0.263473
1.688.8C.X:8948209-8948562 0.156627 0.165714 0.212465 0.000000 0.177143 0.222222 0.213675 0.279070 0.230321 0.408408 0.542683 0.334328 0.265130 0.250000 0.254386 0.260355 0.189112 0.235795 0.205202 0.298851 0.242075 0.223796 0.198300 0.234286 0.200573 0.213068 0.228814 0.370920 0.242938 0.218659 0.189266 0.209040 0.253644 0.173295 0.259366 0.155367 0.197740 0.169492 0.161017 0.166667 0.177966 0.175141 0.146893 0.193182 0.166667 0.158192 0.197740 0.227920 0.194915 0.197674 0.197740 0.175141 0.175141 0.169492 0.146893 0.132768 0.149718 0.127119 0.149718 0.146893 0.149718 0.149718 0.149718 0.149718 0.149718 0.149718 0.149718 0.149718 0.149718 0.149718 0.149718 0.166667 0.149718 0.127119 0.175141 0.225989 0.135593 0.217514 0.194915 0.224432 0.177966 0.169492 0.209040 0.206215 0.183616 0.189266 0.231638 0.192090 0.189266 0.144068 0.172316 0.186441 0.186441 0.149718 0.152542 0.189266 0.172316 0.169492 0.177966 0.149718 0.189266 0.146893 0.194915 0.163842 0.256410 0.181818 0.152542 0.132768 0.354839 0.151420 0.226667 0.196319 0.192090 0.163842 0.180791 0.202797 0.172414 0.242938 0.155367 0.177966 0.211268 0.175549 0.242938 0.149718 0.155367 0.269461
1.688.8C.X:8948563-8948912 0.192771 0.208571 0.297143 0.177143 0.000000 0.202857 0.188571 0.250000 0.230321 0.366366 0.396341 0.382090 0.242075 0.180000 0.254386 0.263314 0.249284 0.217143 0.208092 0.255747 0.242075 0.188571 0.237143 0.220000 0.203438 0.208571 0.217143 0.240356 0.351429 0.297376 0.165714 0.157143 0.247813 0.174286 0.198847 0.268571 0.165714 0.317143 0.151429 0.305714 0.357143 0.151429 0.245714 0.260000 0.314286 0.174286 0.160000 0.245714 0.162857 0.174419 0.277143 0.165714 0.165714 0.151429 0.320000 0.117143 0.291429 0.111429 0.291429 0.128571 0.291429 0.291429 0.291429 0.291429 0.291429 0.291429 0.291429 0.291429 0.291429 0.291429 0.291429 0.300000 0.291429 0.125714 0.297143 0.205714 0.134286 0.165714 0.191429 0.211429 0.288571 0.188571 0.220000 0.362857 0.157143 0.214286 0.222857 0.331429 0.348571 0.140000 0.317143 0.165714 0.314286 0.291429 0.140000 0.342857 0.214286 0.311429 0.157143 0.288571 0.162857 0.151429 0.165714 0.322857 0.256410 0.163009 0.140000 0.291429 0.365591 0.164038 0.213333 0.322086 0.311429 0.300000 0.320000 0.258741 0.150470 0.371429 0.297143 0.314286 0.267606 0.153605 0.371429 0.297143 0.134286 0.245509
1.688.8C.X:8948913-8949263 0.198795 0.171429 0.165242 0.222222 0.202857 0.000000 0.202279 0.220930 0.294461 0.378378 0.432927 0.370149 0.230548 0.210826 0.260234 0.227811 0.226361 0.225071 0.239884 0.287356 0.195965 0.193732 0.205128 0.228571 0.177650 0.168091 0.199430 0.400593 0.247863 0.189504 0.182336 0.176638 0.253644 0.142450 0.236311 0.179487 0.159544 0.156695 0.159544 0.145299 0.284900 0.156695 0.176638 0.196581 0.153846 0.259259 0.176638 0.213675 0.202279 0.186047 0.188034 0.205128 0.327635 0.182336 0.216524 0.165242 0.162393 0.159544 0.162393 0.159544 0.162393 0.162393 0.162393 0.162393 0.162393 0.162393 0.162393 0.162393 0.162393 0.162393 0.162393 0.148148 0.162393 0.148148 0.185185 0.199430 0.133903 0.145299 0.190883 0.336182 0.210826 0.236467 0.227920 0.296296 0.205128 0.219373 0.356125 0.259259 0.279202 0.188034 0.179487 0.182336 0.196581 0.162393 0.156695 0.168091 0.193732 0.182336 0.159544 0.159544 0.207977 0.182336 0.205128 0.162393 0.269231 0.197492 0.185185 0.193732 0.365591 0.182965 0.213333 0.193252 0.182336 0.179487 0.202279 0.342657 0.188088 0.233618 0.176638 0.185185 0.359155 0.191223 0.233618 0.168091 0.176638 0.293413
1.688.8C.X:8949264-8949614 0.186747 0.171429 0.159544 0.213675 0.188571 0.202279 0.000000 0.267442 0.206997 0.357357 0.368902 0.343284 0.181556 0.250712 0.219298 0.269231 0.240688 0.262108 0.291908 0.186782 0.207493 0.188034 0.262108 0.194286 0.191977 0.188034 0.193732 0.427300 0.378917 0.282799 0.210826 0.188034 0.306122 0.207977 0.293948 0.199430 0.136752 0.122507 0.239316 0.125356 0.321937 0.316239 0.165242 0.207977 0.131054 0.293447 0.133903 0.227920 0.299145 0.206395 0.210826 0.199430 0.336182 0.270655 0.227920 0.156695 0.136752 0.150997 0.136752 0.133903 0.136752 0.136752 0.136752 0.136752 0.136752 0.136752 0.136752 0.136752 0.136752 0.136752 0.136752 0.122507 0.136752 0.128205 0.202279 0.205128 0.276353 0.222222 0.165242 0.247863 0.296296 0.324786 0.205128 0.222222 0.159544 0.236467 0.393162 0.213675 0.182336 0.165242 0.273504 0.336182 0.162393 0.136752 0.162393 0.310541 0.179487 0.290598 0.290598 0.276353 0.185185 0.310541 0.196581 0.168091 0.256410 0.172414 0.153846 0.185185 0.354839 0.167192 0.173333 0.312883 0.162393 0.153846 0.182336 0.293706 0.163009 0.216524 0.150997 0.165242 0.309859 0.166144 0.216524 0.142450 0.148148 0.251497
1.688.8C.X:8949615-8949958 0.174699 0.188953 0.180233 0.279070 0.250000 0.220930 0.267442 0.000000 0.300292 0.366366 0.496951 0.307463 0.281977 0.238372 0.251462 0.248521 0.279070 0.244186 0.188953 0.287791 0.255814 0.255814 0.226744 0.302326 0.244186 0.290698 0.276163 0.373887 0.267442 0.241983 0.232558 0.250000 0.314869 0.223837 0.232558 0.299419 0.244186 0.279070 0.226744 0.247093 0.258721 0.258721 0.273256 0.308140 0.247093 0.247093 0.200581 0.273256 0.197674 0.215116 0.305233 0.247093 0.238372 0.220930 0.252907 0.229651 0.247093 0.235465 0.247093 0.250000 0.247093 0.247093 0.247093 0.247093 0.247093 0.247093 0.247093 0.247093 0.247093 0.247093 0.247093 0.247093 0.247093 0.212209 0.331395 0.305233 0.258721 0.229651 0.200581 0.238372 0.290698 0.261628 0.316860 0.188953 0.328488 0.255814 0.252907 0.316860 0.343023 0.252907 0.258721 0.281977 0.343023 0.247093 0.244186 0.296512 0.276163 0.296512 0.267442 0.223837 0.328488 0.252907 0.276163 0.281977 0.307692 0.297806 0.270349 0.270349 0.451613 0.208202 0.360000 0.242331 0.273256 0.264535 0.284884 0.349650 0.288401 0.343023 0.252907 0.276163 0.408451 0.282132 0.343023 0.244186 0.255814 0.383234
1.688.8C.X:8949959-8950301 0.259036 0.262391 0.233236 0.230321 0.230321 0.294461 0.206997 0.300292 0.000000 0.339339 0.350610 0.328358 0.276968 0.265306 0.269006 0.292899 0.253644 0.309038 0.268222 0.244898 0.268222 0.236152 0.262391 0.262391 0.239067 0.268222 0.294461 0.406528 0.233236 0.341108 0.241983 0.271137 0.306122 0.244898 0.320700 0.236152 0.271137 0.201166 0.239067 0.209913 0.262391 0.288630 0.224490 0.253644 0.221574 0.239067 0.212828 0.297376 0.230321 0.259475 0.241983 0.285714 0.224490 0.303207 0.230321 0.206997 0.195335 0.201166 0.195335 0.204082 0.195335 0.195335 0.195335 0.195335 0.195335 0.195335 0.195335 0.195335 0.195335 0.195335 0.195335 0.206997 0.195335 0.180758 0.309038 0.259475 0.221574 0.256560 0.244898 0.218659 0.244898 0.326531 0.346939 0.224490 0.195335 0.253644 0.311953 0.317784 0.209913 0.209913 0.218659 0.227405 0.253644 0.195335 0.215743 0.250729 0.227405 0.192420 0.221574 0.224490 0.221574 0.195335 0.276968 0.236152 0.256410 0.231975 0.204082 0.218659 0.344086 0.223975 0.226667 0.251534 0.221574 0.201166 0.227405 0.314685 0.235110 0.262391 0.198251 0.221574 0.352113 0.238245 0.262391 0.201166 0.206997 0.287425
1.688.8C.X:8950302-8950634 0.361446 0.414414 0.456456 0.408408 0.366366 0.378378 0.357357 0.366366 0.339339 0.000000 0.253049 0.261261 0.282282 0.354354 0.324324 0.297297 0.339339 0.381381 0.297297 0.351351 0.354354 0.372372 0.402402 0.357357 0.399399 0.378378 0.450450 0.402402 0.417417 0.414414 0.399399 0.390390 0.315315 0.429429 0.399399 0.468468 0.510511 0.456456 0.498498 0.477477 0.456456 0.432432 0.474474 0.462462 0.471471 0.399399 0.399399 0.456456 0.378378 0.408408 0.417417 0.462462 0.450450 0.438438 0.459459 0.471471 0.477477 0.477477 0.477477 0.477477 0.477477 0.477477 0.477477 0.477477 0.477477 0.477477 0.477477 0.477477 0.477477 0.477477 0.477477 0.477477 0.477477 0.477477 0.426426 0.402402 0.462462 0.372372 0.489489 0.396396 0.489489 0.450450 0.456456 0.387387 0.447447 0.444444 0.474474 0.450450 0.432432 0.459459 0.486486 0.402402 0.501502 0.477477 0.474474 0.390390 0.414414 0.486486 0.432432 0.429429 0.507508 0.411411 0.441441 0.414414 0.371795 0.482759 0.477477 0.477477 0.462366 0.479495 0.360000 0.447853 0.492492 0.483483 0.495495 0.377622 0.479624 0.501502 0.474474 0.489489 0.373239 0.476489 0.501502 0.474474 0.486486 0.401198
1.688.8C.X:8950635-8950962 0.512048 0.381098 0.500000 0.542683 0.396341 0.432927 0.368902 0.496951 0.350610 0.253049 0.000000 0.301829 0.317073 0.500000 0.304878 0.274390 0.295732 0.469512 0.445122 0.292683 0.457317 0.493902 0.466463 0.390244 0.381098 0.344512 0.457317 0.375000 0.484756 0.457317 0.314024 0.551829 0.460366 0.454268 0.509146 0.359756 0.442073 0.460366 0.396341 0.506098 0.475610 0.490854 0.457317 0.298780 0.375000 0.460366 0.500000 0.478659 0.475610 0.417683 0.338415 0.475610 0.429878 0.530488 0.484756 0.518293 0.512195 0.512195 0.512195 0.512195 0.512195 0.512195 0.512195 0.512195 0.512195 0.512195 0.512195 0.512195 0.512195 0.512195 0.512195 0.509146 0.512195 0.481707 0.399390 0.378049 0.496951 0.469512 0.493902 0.481707 0.399390 0.417683 0.496951 0.493902 0.371951 0.362805 0.390244 0.487805 0.475610 0.368902 0.490854 0.469512 0.481707 0.512195 0.518293 0.466463 0.439024 0.579268 0.484756 0.506098 0.585366 0.490854 0.503049 0.445122 0.410256 0.539185 0.649390 0.515244 0.419355 0.545741 0.333333 0.481595 0.646341 0.521341 0.597561 0.405594 0.570533 0.560976 0.515244 0.640244 0.401408 0.445141 0.560976 0.509146 0.652439 0.401198
1.688.8C.X:8950963-8951297 0.289157 0.310448 0.322388 0.334328 0.382090 0.370149 0.343284 0.307463 0.328358 0.261261 0.301829 0.000000 0.337313 0.364179 0.262687 0.331343 0.322388 0.310448 0.313433 0.286567 0.352239 0.328358 0.391045 0.420896 0.402985 0.400000 0.358209 0.319403 0.334328 0.417910 0.385075 0.367164 0.298507 0.385075 0.346269 0.361194 0.400000 0.411940 0.307463 0.343284 0.283582 0.355224 0.343284 0.280597 0.271642 0.465672 0.343284 0.358209 0.253731 0.504478 0.468657 0.394030 0.429851 0.402985 0.411940 0.316418 0.349254 0.310448 0.349254 0.286567 0.349254 0.349254 0.349254 0.349254 0.349254 0.349254 0.349254 0.349254 0.349254 0.349254 0.349254 0.343284 0.349254 0.367164 0.367164 0.385075 0.414925 0.408955 0.271642 0.265672 0.447761 0.313433 0.414925 0.492537 0.370149 0.325373 0.400000 0.385075 0.426866 0.283582 0.379104 0.456716 0.376119 0.349254 0.423881 0.459701 0.340299 0.379104 0.382090 0.307463 0.331343 0.397015 0.292537 0.417910 0.346154 0.366771 0.402985 0.310448 0.430108 0.350158 0.333333 0.374233 0.492537 0.361194 0.292537 0.594406 0.363636 0.328358 0.355224 0.486567 0.542254 0.363636 0.328358 0.295522 0.465672 0.437126
1.688.8C.X:8951298-8951644 0.355422 0.230548 0.314121 0.265130 0.242075 0.230548 0.181556 0.281977 0.276968 0.282282 0.317073 0.337313 0.000000 0.224784 0.274854 0.263314 0.190202 0.270893 0.268786 0.210375 0.233429 0.175793 0.244957 0.207493 0.187320 0.221902 0.325648 0.409496 0.337176 0.294461 0.242075 0.276657 0.215743 0.265130 0.250720 0.308357 0.285303 0.265130 0.308357 0.265130 0.351585 0.345821 0.149856 0.233429 0.265130 0.293948 0.270893 0.242075 0.273775 0.343023 0.236311 0.244957 0.270893 0.340058 0.265130 0.293948 0.288184 0.288184 0.288184 0.273775 0.288184 0.288184 0.288184 0.288184 0.288184 0.288184 0.288184 0.288184 0.288184 0.288184 0.288184 0.273775 0.288184 0.268012 0.195965 0.219020 0.181556 0.219020 0.172911 0.204611 0.296830 0.236311 0.204611 0.340058 0.314121 0.302594 0.256484 0.331412 0.291066 0.296830 0.273775 0.268012 0.302594 0.288184 0.279539 0.288184 0.175793 0.279539 0.279539 0.285303 0.305476 0.296830 0.348703 0.247839 0.205128 0.313480 0.311239 0.190202 0.387097 0.312303 0.240000 0.319018 0.311239 0.288184 0.293948 0.258741 0.313480 0.360231 0.291066 0.308357 0.260563 0.316614 0.360231 0.293948 0.299712 0.245509
1.688.8C.X:8951645-8951996 0.144578 0.257143 0.204545 0.250000 0.180000 0.210826 0.250712 0.238372 0.265306 0.354354 0.500000 0.364179 0.224784 0.000000 0.213450 0.254438 0.223496 0.198864 0.210983 0.255747 0.190202 0.153409 0.207386 0.194286 0.223496 0.193182 0.241477 0.350148 0.198864 0.244898 0.136364 0.193182 0.189504 0.215909 0.210375 0.170455 0.173295 0.170455 0.173295 0.252841 0.173295 0.136364 0.218750 0.210227 0.176136 0.176136 0.215909 0.259259 0.144886 0.188953 0.235795 0.267045 0.201705 0.161932 0.170455 0.250000 0.261364 0.255682 0.261364 0.173295 0.261364 0.261364 0.261364 0.261364 0.261364 0.261364 0.261364 0.261364 0.261364 0.261364 0.261364 0.255682 0.261364 0.250000 0.190341 0.230114 0.170455 0.164773 0.244318 0.210227 0.159091 0.215909 0.213068 0.190341 0.193182 0.213068 0.221591 0.241477 0.184659 0.247159 0.167614 0.144886 0.187500 0.261364 0.173295 0.190341 0.190341 0.144886 0.198864 0.150568 0.281250 0.139205 0.161932 0.167614 0.179487 0.225705 0.196023 0.289773 0.376344 0.198738 0.253333 0.180982 0.196023 0.278409 0.170455 0.272727 0.216301 0.284091 0.267045 0.289773 0.274648 0.213166 0.284091 0.258523 0.269886 0.305389
1.688.8C.X:8951997-8952338 0.228916 0.242690 0.169591 0.254386 0.254386 0.260234 0.219298 0.251462 0.269006 0.324324 0.304878 0.262687 0.274854 0.213450 0.000000 0.230769 0.222222 0.198830 0.239766 0.228070 0.257310 0.251462 0.251462 0.213450 0.222222 0.233918 0.274854 0.296736 0.277778 0.315789 0.192982 0.230994 0.271930 0.280702 0.251462 0.192982 0.201754 0.210526 0.195906 0.207602 0.257310 0.248538 0.233918 0.213450 0.190058 0.228070 0.257310 0.257310 0.201754 0.242690 0.295322 0.239766 0.353801 0.225146 0.195906 0.195906 0.228070 0.204678 0.228070 0.216374 0.228070 0.228070 0.228070 0.228070 0.228070 0.228070 0.228070 0.228070 0.228070 0.228070 0.228070 0.201754 0.228070 0.242690 0.260234 0.195906 0.269006 0.228070 0.213450 0.210526 0.269006 0.365497 0.280702 0.263158 0.210526 0.292398 0.286550 0.269006 0.301170 0.248538 0.213450 0.283626 0.248538 0.228070 0.222222 0.245614 0.228070 0.225146 0.245614 0.251462 0.204678 0.228070 0.280702 0.207602 0.333333 0.238245 0.242690 0.233918 0.440860 0.255521 0.373333 0.269939 0.228070 0.242690 0.228070 0.300699 0.231975 0.274854 0.233918 0.254386 0.295775 0.235110 0.274854 0.228070 0.233918 0.281437
1.688.8C.X:8952342-8952679 0.319277 0.218935 0.218935 0.260355 0.263314 0.227811 0.269231 0.248521 0.292899 0.297297 0.274390 0.331343 0.263314 0.254438 0.230769 0.000000 0.248521 0.292899 0.260355 0.245562 0.224852 0.260355 0.207101 0.233728 0.218935 0.192308 0.266272 0.302671 0.260355 0.224852 0.195266 0.272189 0.242604 0.245562 0.298817 0.236686 0.284024 0.284024 0.242604 0.251479 0.275148 0.269231 0.230769 0.221893 0.286982 0.221893 0.284024 0.239645 0.239645 0.260355 0.281065 0.292899 0.272189 0.278107 0.260355 0.239645 0.257396 0.242604 0.257396 0.278107 0.257396 0.257396 0.257396 0.257396 0.257396 0.257396 0.257396 0.257396 0.257396 0.257396 0.257396 0.275148 0.257396 0.242604 0.286982 0.260355 0.236686 0.210059 0.248521 0.245562 0.304734 0.289941 0.295858 0.263314 0.236686 0.257396 0.349112 0.245562 0.272189 0.272189 0.227811 0.257396 0.328402 0.257396 0.272189 0.251479 0.251479 0.278107 0.260355 0.227811 0.278107 0.286982 0.307692 0.248521 0.294872 0.307210 0.301775 0.257396 0.419355 0.274448 0.333333 0.325153 0.289941 0.263314 0.289941 0.293706 0.322884 0.281065 0.269231 0.275148 0.288732 0.300940 0.281065 0.260355 0.257396 0.299401
1.688.8C.X:8952681-8953029 0.156627 0.232092 0.200573 0.189112 0.249284 0.226361 0.240688 0.279070 0.253644 0.339339 0.295732 0.322388 0.190202 0.223496 0.222222 0.248521 0.000000 0.217765 0.236994 0.212644 0.279539 0.200573 0.217765 0.194842 0.194842 0.189112 0.266476 0.448071 0.229226 0.239067 0.209169 0.163324 0.198251 0.217765 0.273775 0.114613 0.160458 0.137536 0.189112 0.146132 0.180516 0.197708 0.154728 0.171920 0.134670 0.143266 0.191977 0.255014 0.191977 0.174419 0.180516 0.232092 0.217765 0.315186 0.151862 0.151862 0.131805 0.146132 0.131805 0.117479 0.131805 0.131805 0.131805 0.131805 0.131805 0.131805 0.131805 0.131805 0.131805 0.131805 0.131805 0.148997 0.131805 0.148997 0.143266 0.146132 0.183381 0.143266 0.157593 0.183381 0.237822 0.177650 0.157593 0.143266 0.171920 0.171920 0.212034 0.191977 0.140401 0.134670 0.146132 0.197708 0.223496 0.131805 0.140401 0.194842 0.174785 0.134670 0.180516 0.174785 0.203438 0.146132 0.166189 0.146132 0.217949 0.184953 0.160458 0.128940 0.258065 0.198738 0.053333 0.199387 0.174785 0.146132 0.174785 0.188811 0.175549 0.226361 0.143266 0.157593 0.204225 0.178683 0.226361 0.137536 0.143266 0.233533
1.688.8C.X:8953030-8953381 0.120482 0.228571 0.204545 0.235795 0.217143 0.225071 0.262108 0.244186 0.309038 0.381381 0.469512 0.310448 0.270893 0.198864 0.198830 0.292899 0.217765 0.000000 0.248555 0.313218 0.268012 0.224432 0.281250 0.177143 0.240688 0.213068 0.213068 0.421365 0.264205 0.265306 0.178977 0.176136 0.291545 0.238636 0.236311 0.156250 0.161932 0.204545 0.204545 0.144886 0.113636 0.153409 0.215909 0.244318 0.153409 0.218750 0.244318 0.293447 0.198864 0.171512 0.275568 0.221591 0.244318 0.380682 0.178977 0.161932 0.159091 0.173295 0.159091 0.176136 0.159091 0.159091 0.159091 0.159091 0.159091 0.159091 0.159091 0.159091 0.159091 0.159091 0.159091 0.153409 0.159091 0.176136 0.184659 0.221591 0.196023 0.207386 0.241477 0.227273 0.190341 0.227273 0.230114 0.198864 0.215909 0.250000 0.232955 0.193182 0.224432 0.161932 0.196023 0.218750 0.178977 0.159091 0.201705 0.261364 0.196023 0.178977 0.190341 0.181818 0.309659 0.190341 0.261364 0.204545 0.358974 0.175549 0.198864 0.173295 0.419355 0.233438 0.333333 0.180982 0.176136 0.176136 0.204545 0.321678 0.166144 0.224432 0.170455 0.187500 0.316901 0.300940 0.224432 0.161932 0.170455 0.335329
1.688.8C.X:8953382-8953727 0.259036 0.161850 0.312139 0.205202 0.208092 0.239884 0.291908 0.188953 0.268222 0.297297 0.445122 0.313433 0.268786 0.210983 0.239766 0.260355 0.236994 0.248555 0.000000 0.242775 0.265896 0.274566 0.225434 0.257225 0.213873 0.257225 0.306358 0.462908 0.280347 0.247813 0.205202 0.216763 0.239067 0.231214 0.219653 0.158960 0.231214 0.182081 0.193642 0.286127 0.222543 0.265896 0.190751 0.184971 0.228324 0.173410 0.248555 0.245665 0.234104 0.258721 0.280347 0.289017 0.228324 0.208092 0.210983 0.265896 0.291908 0.271676 0.291908 0.208092 0.291908 0.291908 0.291908 0.291908 0.291908 0.291908 0.291908 0.291908 0.291908 0.291908 0.291908 0.286127 0.291908 0.199422 0.280347 0.236994 0.199422 0.202312 0.199422 0.280347 0.315029 0.277457 0.323699 0.231214 0.213873 0.254335 0.294798 0.263006 0.254335 0.190751 0.196532 0.210983 0.239884 0.291908 0.202312 0.242775 0.164740 0.190751 0.277457 0.173410 0.254335 0.164740 0.271676 0.225434 0.141026 0.269592 0.208092 0.187861 0.344086 0.252366 0.133333 0.266871 0.303468 0.216763 0.231214 0.265734 0.257053 0.315029 0.303468 0.225434 0.232394 0.260188 0.315029 0.294798 0.297688 0.221557
1.688.8C.X:8953728-8954075 0.246988 0.224138 0.218391 0.298851 0.255747 0.287356 0.186782 0.287791 0.244898 0.351351 0.292683 0.286567 0.210375 0.255747 0.228070 0.245562 0.212644 0.313218 0.242775 0.000000 0.247839 0.204023 0.247126 0.252874 0.204023 0.250000 0.293103 0.370920 0.232759 0.358601 0.250000 0.250000 0.279883 0.270115 0.279539 0.272989 0.295977 0.186782 0.293103 0.278736 0.255747 0.307471 0.209770 0.212644 0.241379 0.244253 0.209770 0.270115 0.201149 0.232558 0.250000 0.307471 0.212644 0.333333 0.224138 0.290230 0.281609 0.295977 0.281609 0.272989 0.281609 0.281609 0.281609 0.281609 0.281609 0.281609 0.281609 0.281609 0.281609 0.281609 0.281609 0.281609 0.281609 0.204023 0.307471 0.238506 0.287356 0.270115 0.189655 0.204023 0.270115 0.295977 0.298851 0.224138 0.166667 0.229885 0.281609 0.324713 0.235632 0.247126 0.212644 0.224138 0.270115 0.281609 0.293103 0.247126 0.206897 0.195402 0.235632 0.301724 0.244253 0.227011 0.293103 0.221264 0.217949 0.244514 0.293103 0.293103 0.333333 0.208202 0.186667 0.269939 0.310345 0.304598 0.250000 0.363636 0.241379 0.293103 0.298851 0.313218 0.323944 0.244514 0.293103 0.284483 0.290230 0.329341
1.688.8C.X:8954078-8954424 0.174699 0.227666 0.219020 0.242075 0.242075 0.195965 0.207493 0.255814 0.268222 0.354354 0.457317 0.352239 0.233429 0.190202 0.257310 0.224852 0.279539 0.268012 0.265896 0.247839 0.000000 0.167147 0.224784 0.244957 0.193084 0.190202 0.256484 0.302671 0.247839 0.268222 0.201729 0.204611 0.256560 0.204611 0.262248 0.216138 0.198847 0.242075 0.195965 0.175793 0.219020 0.224784 0.207493 0.219020 0.193084 0.201729 0.184438 0.236311 0.161383 0.203488 0.239193 0.250720 0.219020 0.340058 0.187320 0.195965 0.187320 0.190202 0.187320 0.195965 0.187320 0.187320 0.187320 0.187320 0.187320 0.187320 0.187320 0.187320 0.187320 0.187320 0.187320 0.172911 0.187320 0.172911 0.331412 0.227666 0.175793 0.224784 0.233429 0.285303 0.299712 0.242075 0.236311 0.221902 0.164265 0.216138 0.285303 0.273775 0.207493 0.210375 0.181556 0.213256 0.195965 0.187320 0.193084 0.187320 0.207493 0.207493 0.195965 0.204611 0.207493 0.216138 0.236311 0.178674 0.282051 0.210031 0.190202 0.216138 0.397849 0.198738 0.320000 0.220859 0.198847 0.204611 0.193084 0.293706 0.197492 0.253602 0.201729 0.207493 0.295775 0.200627 0.253602 0.193084 0.195965 0.275449
1.688.8C.X:8954425-8954777 0.144578 0.197143 0.186969 0.223796 0.188571 0.193732 0.188034 0.255814 0.236152 0.372372 0.493902 0.328358 0.175793 0.153409 0.251462 0.260355 0.200573 0.224432 0.274566 0.204023 0.167147 0.000000 0.169972 0.200000 0.177650 0.122159 0.226629 0.385757 0.229462 0.265306 0.186969 0.195467 0.192420 0.150568 0.224784 0.164306 0.127479 0.113314 0.135977 0.099150 0.186969 0.172805 0.161473 0.181818 0.124646 0.164306 0.130312 0.210826 0.118980 0.154070 0.181303 0.186969 0.158640 0.220963 0.118980 0.124646 0.121813 0.118980 0.121813 0.127479 0.121813 0.121813 0.121813 0.121813 0.121813 0.121813 0.121813 0.121813 0.121813 0.121813 0.121813 0.107649 0.121813 0.116147 0.169972 0.189802 0.093484 0.167139 0.184136 0.193182 0.175637 0.237960 0.181303 0.189802 0.150142 0.186969 0.252125 0.198300 0.135977 0.135977 0.121813 0.144476 0.155807 0.121813 0.124646 0.155807 0.150142 0.104816 0.135977 0.130312 0.158640 0.110482 0.135977 0.138810 0.205128 0.144201 0.152975 0.150142 0.354839 0.148265 0.200000 0.144172 0.144476 0.141643 0.158640 0.293706 0.131661 0.192635 0.130312 0.147309 0.345070 0.128527 0.192635 0.121813 0.130312 0.287425
1.688.8C.X:8954778-8955130 0.168675 0.225714 0.229462 0.198300 0.237143 0.205128 0.262108 0.226744 0.262391 0.402402 0.466463 0.391045 0.244957 0.207386 0.251462 0.207101 0.217765 0.281250 0.225434 0.247126 0.224784 0.169972 0.000000 0.268571 0.220630 0.170455 0.229462 0.210682 0.232295 0.236152 0.175637 0.195467 0.180758 0.167614 0.167147 0.178470 0.186969 0.147309 0.192635 0.167139 0.215297 0.209632 0.175637 0.153409 0.184136 0.130312 0.189802 0.196581 0.141643 0.165698 0.181303 0.232295 0.138810 0.198300 0.130312 0.161473 0.181303 0.167139 0.181303 0.189802 0.181303 0.181303 0.181303 0.181303 0.181303 0.181303 0.181303 0.181303 0.181303 0.181303 0.181303 0.155807 0.181303 0.135977 0.186969 0.172805 0.138810 0.147309 0.161473 0.153409 0.164306 0.243626 0.232295 0.152975 0.184136 0.141643 0.226629 0.195467 0.164306 0.152975 0.110482 0.110482 0.150142 0.181303 0.195467 0.124646 0.138810 0.133144 0.116147 0.186969 0.130312 0.152975 0.209632 0.101983 0.217949 0.150470 0.206799 0.203966 0.354839 0.126183 0.253333 0.162577 0.158640 0.192635 0.144476 0.251748 0.144201 0.201133 0.198300 0.195467 0.225352 0.147335 0.201133 0.189802 0.186969 0.269461
1.688.8C.X:8955131-8955480 0.271084 0.262857 0.188571 0.234286 0.220000 0.228571 0.194286 0.302326 0.262391 0.357357 0.390244 0.420896 0.207493 0.194286 0.213450 0.233728 0.194842 0.177143 0.257225 0.252874 0.244957 0.200000 0.268571 0.000000 0.171920 0.205714 0.231429 0.465875 0.317143 0.346939 0.202857 0.182857 0.244898 0.214286 0.340058 0.160000 0.222857 0.228571 0.214286 0.202857 0.240000 0.228571 0.231429 0.174286 0.234286 0.225714 0.260000 0.254286 0.260000 0.270349 0.237143 0.222857 0.288571 0.231429 0.217143 0.214286 0.217143 0.208571 0.217143 0.234286 0.217143 0.217143 0.217143 0.217143 0.217143 0.217143 0.217143 0.217143 0.217143 0.217143 0.217143 0.208571 0.217143 0.234286 0.211429 0.200000 0.240000 0.205714 0.217143 0.257143 0.274286 0.311429 0.202857 0.274286 0.251429 0.317143 0.334286 0.211429 0.237143 0.237143 0.234286 0.317143 0.257143 0.217143 0.237143 0.277143 0.180000 0.237143 0.268571 0.194286 0.274286 0.248571 0.248571 0.248571 0.282051 0.253918 0.228571 0.188571 0.387097 0.283912 0.240000 0.242331 0.248571 0.225714 0.262857 0.237762 0.250784 0.297143 0.225714 0.245714 0.260563 0.253918 0.297143 0.222857 0.228571 0.203593
1.688.8C.X:8955482-8955830 0.234940 0.189112 0.148997 0.200573 0.203438 0.177650 0.191977 0.244186 0.239067 0.399399 0.381098 0.402985 0.187320 0.223496 0.222222 0.218935 0.194842 0.240688 0.213873 0.204023 0.193084 0.177650 0.220630 0.171920 0.000000 0.212034 0.237822 0.281899 0.252149 0.259475 0.237822 0.171920 0.253644 0.214900 0.279539 0.174785 0.223496 0.143266 0.163324 0.223496 0.249284 0.203438 0.163324 0.157593 0.183381 0.206304 0.123209 0.249284 0.200573 0.186047 0.203438 0.200573 0.214900 0.189112 0.217765 0.203438 0.223496 0.206304 0.223496 0.171920 0.223496 0.223496 0.223496 0.223496 0.223496 0.223496 0.223496 0.223496 0.223496 0.223496 0.223496 0.217765 0.223496 0.209169 0.200573 0.189112 0.171920 0.160458 0.186246 0.212034 0.260745 0.197708 0.200573 0.206304 0.180516 0.226361 0.286533 0.229226 0.203438 0.234957 0.186246 0.257880 0.266476 0.223496 0.166189 0.226361 0.169054 0.214900 0.217765 0.183381 0.272206 0.171920 0.191977 0.203438 0.217949 0.257053 0.183381 0.186246 0.376344 0.198738 0.213333 0.205521 0.237822 0.232092 0.266476 0.321678 0.257053 0.292264 0.229226 0.249284 0.274648 0.260188 0.292264 0.229226 0.234957 0.281437
1.688.8C.X:8955832-8956183 0.168675 0.191429 0.170455 0.213068 0.208571 0.168091 0.188034 0.290698 0.268222 0.378378 0.344512 0.400000 0.221902 0.193182 0.233918 0.192308 0.189112 0.213068 0.257225 0.250000 0.190202 0.122159 0.170455 0.205714 0.212034 0.000000 0.136364 0.376855 0.238636 0.215743 0.153409 0.167614 0.239067 0.147727 0.247839 0.147727 0.113636 0.127841 0.130682 0.090909 0.150568 0.139205 0.159091 0.159091 0.088068 0.144886 0.181818 0.173789 0.119318 0.162791 0.161932 0.170455 0.144886 0.144886 0.099432 0.107955 0.099432 0.102273 0.099432 0.110795 0.099432 0.099432 0.099432 0.099432 0.099432 0.099432 0.099432 0.099432 0.099432 0.099432 0.099432 0.096591 0.099432 0.116477 0.133523 0.176136 0.105114 0.136364 0.170455 0.198864 0.156250 0.167614 0.190341 0.178977 0.150568 0.190341 0.238636 0.153409 0.125000 0.119318 0.107955 0.136364 0.136364 0.099432 0.107955 0.153409 0.156250 0.119318 0.139205 0.116477 0.159091 0.130682 0.142045 0.105114 0.320513 0.115987 0.130682 0.122159 0.408602 0.135647 0.266667 0.116564 0.127841 0.116477 0.136364 0.216783 0.106583 0.164773 0.113636 0.119318 0.218310 0.109718 0.164773 0.105114 0.105114 0.197605
1.688.8C.X:8956186-8956544 0.126506 0.182857 0.186969 0.228814 0.217143 0.199430 0.193732 0.276163 0.294461 0.450450 0.457317 0.358209 0.325648 0.241477 0.274854 0.266272 0.266476 0.213068 0.306358 0.293103 0.256484 0.226629 0.229462 0.231429 0.237822 0.136364 0.000000 0.317507 0.217270 0.218659 0.169492 0.138028 0.294461 0.190341 0.221902 0.122905 0.147632 0.128492 0.139665 0.116992 0.143662 0.125348 0.162011 0.167614 0.128492 0.143258 0.205056 0.225071 0.143258 0.162791 0.217270 0.153631 0.186630 0.133705 0.148045 0.122563 0.103064 0.116992 0.103064 0.114206 0.103064 0.103064 0.103064 0.103064 0.103064 0.103064 0.103064 0.103064 0.103064 0.103064 0.103064 0.119777 0.103064 0.119777 0.139276 0.169014 0.161560 0.152113 0.168067 0.176136 0.122563 0.142061 0.187151 0.192090 0.178771 0.252809 0.224090 0.184358 0.181564 0.122563 0.111421 0.139276 0.133705 0.103064 0.131653 0.157746 0.135211 0.122563 0.191549 0.114525 0.170391 0.156425 0.139276 0.108939 0.269231 0.109718 0.142061 0.125348 0.311828 0.129338 0.226667 0.101227 0.147632 0.114206 0.133705 0.181818 0.100313 0.116992 0.116992 0.130919 0.190141 0.103448 0.116992 0.108635 0.108635 0.239521
1.688.8C.X:8956546-8956882 0.216867 0.421365 0.394659 0.370920 0.240356 0.400593 0.427300 0.373887 0.406528 0.402402 0.375000 0.319403 0.409496 0.350148 0.296736 0.302671 0.448071 0.421365 0.462908 0.370920 0.302671 0.385757 0.210682 0.465875 0.281899 0.376855 0.317507 0.000000 0.382789 0.344214 0.240356 0.418398 0.320475 0.400593 0.394659 0.382789 0.424332 0.258160 0.370920 0.397626 0.296736 0.409496 0.356083 0.350148 0.281899 0.264095 0.394659 0.454006 0.252226 0.400593 0.459941 0.415430 0.261128 0.412463 0.264095 0.388724 0.385757 0.379822 0.385757 0.370920 0.385757 0.385757 0.385757 0.385757 0.385757 0.385757 0.385757 0.385757 0.385757 0.385757 0.385757 0.272997 0.385757 0.388724 0.278932 0.427300 0.261128 0.370920 0.406528 0.281899 0.406528 0.445104 0.353116 0.400593 0.406528 0.264095 0.350148 0.445104 0.403561 0.400593 0.356083 0.225519 0.421365 0.385757 0.362018 0.278932 0.397626 0.385757 0.267062 0.379822 0.394659 0.370920 0.287834 0.222552 0.230769 0.329154 0.373887 0.406528 0.397849 0.312303 0.253333 0.404908 0.415430 0.385757 0.382789 0.468531 0.326019 0.379822 0.391691 0.397626 0.464789 0.326019 0.379822 0.382789 0.382789 0.419162
1.688.8C.X:8956883-8957242 0.192771 0.228571 0.249292 0.242938 0.351429 0.247863 0.378917 0.267442 0.233236 0.417417 0.484756 0.334328 0.337176 0.198864 0.277778 0.260355 0.229226 0.264205 0.280347 0.232759 0.247839 0.229462 0.232295 0.317143 0.252149 0.238636 0.217270 0.382789 0.000000 0.291545 0.158192 0.228169 0.274052 0.250000 0.288184 0.220670 0.233333 0.209497 0.237430 0.205556 0.222535 0.211111 0.217877 0.258523 0.220670 0.238764 0.230337 0.296296 0.191011 0.220930 0.272222 0.276536 0.214485 0.225000 0.234637 0.211111 0.186111 0.200000 0.186111 0.202778 0.186111 0.186111 0.186111 0.186111 0.186111 0.186111 0.186111 0.186111 0.186111 0.186111 0.186111 0.202778 0.186111 0.172222 0.245125 0.242254 0.231198 0.216901 0.235294 0.221591 0.205556 0.233333 0.259777 0.217514 0.226257 0.199438 0.260504 0.326816 0.203911 0.186111 0.197772 0.181058 0.222222 0.186111 0.224090 0.230986 0.205634 0.183333 0.222535 0.195531 0.215084 0.187151 0.205556 0.195531 0.166667 0.203762 0.225000 0.202778 0.301075 0.179811 0.186667 0.208589 0.230556 0.200000 0.200000 0.272727 0.200627 0.275000 0.202778 0.213889 0.274648 0.203762 0.275000 0.197222 0.188889 0.311377
1.688.8C.X:8957248-8957590 0.156627 0.233236 0.247813 0.218659 0.297376 0.189504 0.282799 0.241983 0.341108 0.414414 0.457317 0.417910 0.294461 0.244898 0.315789 0.224852 0.239067 0.265306 0.247813 0.358601 0.268222 0.265306 0.236152 0.346939 0.259475 0.215743 0.218659 0.344214 0.291545 0.000000 0.209913 0.233236 0.274052 0.221574 0.274052 0.209913 0.244898 0.198251 0.198251 0.215743 0.209913 0.186589 0.227405 0.230321 0.215743 0.166181 0.244898 0.236152 0.250729 0.224490 0.244898 0.221574 0.195335 0.201166 0.215743 0.206997 0.209913 0.201166 0.209913 0.198251 0.209913 0.209913 0.209913 0.209913 0.209913 0.209913 0.209913 0.209913 0.209913 0.209913 0.209913 0.224490 0.209913 0.195335 0.224490 0.241983 0.218659 0.166181 0.241983 0.253644 0.239067 0.233236 0.268222 0.215743 0.239067 0.224490 0.250729 0.198251 0.198251 0.224490 0.212828 0.195335 0.239067 0.209913 0.201166 0.230321 0.233236 0.198251 0.230321 0.192420 0.259475 0.212828 0.215743 0.204082 0.307692 0.260188 0.218659 0.227405 0.322581 0.239748 0.240000 0.260736 0.247813 0.221574 0.230321 0.251748 0.247649 0.268222 0.227405 0.230321 0.267606 0.250784 0.268222 0.218659 0.215743 0.359281
1.688.8C.X:8957591-8957944 0.120482 0.174286 0.158640 0.189266 0.165714 0.182336 0.210826 0.232558 0.241983 0.399399 0.314024 0.385075 0.242075 0.136364 0.192982 0.195266 0.209169 0.178977 0.205202 0.250000 0.201729 0.186969 0.175637 0.202857 0.237822 0.153409 0.169492 0.240356 0.158192 0.209913 0.000000 0.152542 0.201166 0.173295 0.198847 0.118644 0.141243 0.141243 0.127119 0.110169 0.121469 0.107345 0.158192 0.161932 0.129944 0.121469 0.206215 0.210826 0.124294 0.171512 0.217514 0.172316 0.166667 0.121469 0.124294 0.096045 0.096045 0.090395 0.096045 0.112994 0.096045 0.096045 0.096045 0.096045 0.096045 0.096045 0.096045 0.096045 0.096045 0.096045 0.096045 0.112994 0.096045 0.112994 0.127119 0.203390 0.132768 0.115819 0.161017 0.156250 0.118644 0.155367 0.217514 0.169492 0.163842 0.175141 0.217514 0.177966 0.177966 0.101695 0.112994 0.115819 0.132768 0.096045 0.112994 0.163842 0.146893 0.115819 0.161017 0.096045 0.149718 0.101695 0.141243 0.107345 0.166667 0.119122 0.135593 0.121469 0.301075 0.138801 0.200000 0.131902 0.141243 0.112994 0.110169 0.188811 0.109718 0.189266 0.110169 0.124294 0.190141 0.112853 0.189266 0.101695 0.104520 0.227545
1.688.8C.X:8957946-8958300 0.126506 0.171429 0.167139 0.209040 0.157143 0.176638 0.188034 0.250000 0.271137 0.390390 0.551829 0.367164 0.276657 0.193182 0.230994 0.272189 0.163324 0.176136 0.216763 0.250000 0.204611 0.195467 0.195467 0.182857 0.171920 0.167614 0.138028 0.418398 0.228169 0.233236 0.152542 0.000000 0.317784 0.193182 0.250720 0.138028 0.118310 0.109859 0.132394 0.109859 0.149296 0.126761 0.132394 0.159091 0.109859 0.166197 0.169014 0.216524 0.138028 0.151163 0.197183 0.160563 0.183099 0.123944 0.143662 0.115493 0.092958 0.107042 0.092958 0.090141 0.092958 0.092958 0.092958 0.092958 0.092958 0.092958 0.092958 0.092958 0.092958 0.092958 0.092958 0.109859 0.092958 0.109859 0.115493 0.152113 0.157746 0.126761 0.149296 0.184659 0.152113 0.154930 0.157746 0.161017 0.152113 0.166197 0.205634 0.197183 0.174648 0.076056 0.109859 0.146479 0.123944 0.092958 0.112676 0.166197 0.104225 0.112676 0.169014 0.107042 0.174648 0.118310 0.126761 0.123944 0.205128 0.125392 0.112676 0.121127 0.311828 0.148265 0.146667 0.116564 0.126761 0.107042 0.126761 0.160839 0.119122 0.177465 0.109859 0.109859 0.176056 0.122257 0.177465 0.101408 0.104225 0.149701
1.688.8C.X:8958301-8958643 0.246988 0.288630 0.271137 0.253644 0.247813 0.253644 0.306122 0.314869 0.306122 0.315315 0.460366 0.298507 0.215743 0.189504 0.271930 0.242604 0.198251 0.291545 0.239067 0.279883 0.256560 0.192420 0.180758 0.244898 0.253644 0.239067 0.294461 0.320475 0.274052 0.274052 0.201166 0.317784 0.000000 0.221574 0.215743 0.262391 0.268222 0.198251 0.268222 0.253644 0.288630 0.274052 0.209913 0.230321 0.233236 0.201166 0.221574 0.294461 0.212828 0.271137 0.247813 0.300292 0.209913 0.250729 0.233236 0.250729 0.274052 0.259475 0.274052 0.259475 0.274052 0.274052 0.274052 0.274052 0.274052 0.274052 0.274052 0.274052 0.274052 0.274052 0.274052 0.247813 0.274052 0.204082 0.282799 0.253644 0.206997 0.183673 0.314869 0.233236 0.247813 0.247813 0.297376 0.239067 0.244898 0.241983 0.276968 0.285714 0.204082 0.300292 0.224490 0.189504 0.244898 0.274052 0.265306 0.201166 0.192420 0.192420 0.221574 0.279883 0.241983 0.209913 0.288630 0.209913 0.205128 0.260188 0.297376 0.285714 0.311828 0.261830 0.213333 0.266871 0.256560 0.282799 0.224490 0.244755 0.253918 0.294461 0.288630 0.294461 0.274648 0.257053 0.294461 0.282799 0.279883 0.239521
1.688.8C.X:8958644-8958995 0.168675 0.177143 0.150568 0.173295 0.174286 0.142450 0.207977 0.223837 0.244898 0.429429 0.454268 0.385075 0.265130 0.215909 0.280702 0.245562 0.217765 0.238636 0.231214 0.270115 0.204611 0.150568 0.167614 0.214286 0.214900 0.147727 0.190341 0.400593 0.250000 0.221574 0.173295 0.193182 0.221574 0.000000 0.227666 0.156250 0.125000 0.161932 0.127841 0.099432 0.181818 0.144886 0.147727 0.176136 0.127841 0.125000 0.139205 0.170940 0.159091 0.151163 0.161932 0.193182 0.130682 0.144886 0.079545 0.116477 0.113636 0.110795 0.113636 0.130682 0.113636 0.113636 0.113636 0.113636 0.113636 0.113636 0.113636 0.113636 0.113636 0.113636 0.113636 0.099432 0.113636 0.102273 0.127841 0.201705 0.079545 0.156250 0.181818 0.196023 0.190341 0.181818 0.204545 0.173295 0.178977 0.181818 0.238636 0.153409 0.156250 0.142045 0.144886 0.136364 0.147727 0.113636 0.127841 0.122159 0.125000 0.133523 0.102273 0.102273 0.150568 0.144886 0.150568 0.130682 0.282051 0.141066 0.144886 0.139205 0.387097 0.132492 0.240000 0.138037 0.130682 0.130682 0.150568 0.356643 0.125392 0.181818 0.127841 0.133523 0.281690 0.128527 0.181818 0.119318 0.122159 0.263473
