98
1.688.14A.X:15974489-15974690 0.000000 0.049505 0.064356 0.044554 0.044554 0.108911 0.475248 0.044554 0.108911 0.059406 0.069307 0.128713 0.059406 0.054455 0.054455 0.673469 0.000000 0.034653 0.049505 0.039604 0.044554 0.074257 0.089109 0.054455 0.064356 0.064356 0.054455 0.039604 0.054455 0.064356 0.034653 0.034653 0.034653 0.034653 0.034653 0.034653 0.034653 0.034653 0.034653 0.034653 0.034653 0.034653 0.034653 0.039604 0.089109 0.029703 0.029703 0.059406 0.089109 0.059406 0.034653 0.029703 0.059406 0.034653 0.034653 0.034653 0.059406 0.034653 0.034653 0.034653 0.034653 0.059406 0.059406 0.029703 0.029703 0.094059 0.094059 0.044554 0.044554 0.049505 0.044554 0.044554 0.044554 0.044554 0.044554 0.044554 0.049505 0.054455 0.049505 0.044554 0.049505 0.049505 0.049505 0.054455 0.059406 0.044554 0.118812 0.079208 0.094059 0.059406 0.049505 0.673267 0.063291 0.069307 0.049505 0.094059 0.697674 0.412371
1.688.14A.X:15974691-15975048 0.049505 0.000000 0.067039 0.055072 0.048860 0.102236 0.062500 0.064846 0.085987 0.053073 0.102857 0.083799 0.055866 0.090909 0.050279 0.102041 0.000000 0.036313 0.041899 0.053073 0.058659 0.058659 0.078212 0.092437 0.062500 0.069832 0.069832 0.064246 0.081006 0.067039 0.081006 0.064246 0.047486 0.069832 0.030726 0.053073 0.050279 0.064246 0.055866 0.050279 0.064246 0.064246 0.041899 0.096866 0.069832 0.041899 0.058659 0.083799 0.078212 0.055866 0.047486 0.061453 0.061453 0.047486 0.047486 0.047486 0.078212 0.047486 0.047486 0.047486 0.047486 0.069832 0.061453 0.044693 0.086592 0.109244 0.103352 0.069832 0.083799 0.083799 0.069832 0.091954 0.067039 0.069832 0.094972 0.078212 0.072626 0.072626 0.078212 0.067039 0.069832 0.069832 0.092179 0.089385 0.075419 0.067039 0.128492 0.094972 0.094972 0.075419 0.069832 0.116592 0.063291 0.083799 0.069832 0.094972 0.147287 0.412371
1.688.14A.X:15975049-15975410 0.064356 0.067039 0.000000 0.072464 0.061889 0.121406 0.069853 0.078498 0.200637 0.080556 0.131429 0.116022 0.083333 0.119318 0.066482 0.102041 0.089286 0.055402 0.055402 0.086351 0.080780 0.072222 0.097765 0.098039 0.119318 0.094972 0.083565 0.080780 0.092179 0.080780 0.083799 0.086351 0.075000 0.092179 0.060942 0.066667 0.072222 0.086351 0.077994 0.072222 0.086351 0.086351 0.066667 0.162393 0.094708 0.066482 0.083333 0.108333 0.103352 0.083333 0.080332 0.086111 0.088889 0.080332 0.080332 0.080332 0.100279 0.080332 0.080332 0.080332 0.080332 0.100279 0.088889 0.074792 0.106145 0.131653 0.128492 0.099723 0.111111 0.111111 0.099723 0.117816 0.096953 0.099723 0.117318 0.103064 0.102493 0.102493 0.103064 0.096953 0.099723 0.099723 0.119777 0.116667 0.105263 0.096953 0.150838 0.122563 0.111732 0.108033 0.099723 0.121076 0.139241 0.110803 0.099723 0.111732 0.193798 0.484536
1.688.14A.X:15975400-15975744 0.044554 0.055072 0.072464 0.000000 0.045603 0.105431 0.121324 0.061433 0.207006 0.069565 0.110145 0.211594 0.063768 0.095652 0.063768 0.197279 0.000000 0.040580 0.049275 0.075362 0.075362 0.075362 0.095652 0.110145 0.084058 0.081159 0.084058 0.078261 0.095652 0.075362 0.092754 0.078261 0.063768 0.084058 0.046377 0.063768 0.060870 0.078261 0.066667 0.060870 0.078261 0.078261 0.052174 0.130435 0.086957 0.052174 0.072464 0.084058 0.092754 0.069565 0.060870 0.072464 0.075362 0.060870 0.060870 0.060870 0.089855 0.060870 0.060870 0.060870 0.060870 0.084058 0.075362 0.057971 0.086957 0.127536 0.115942 0.078261 0.092754 0.092754 0.078261 0.130435 0.075362 0.078261 0.098551 0.081159 0.078261 0.081159 0.081159 0.075362 0.078261 0.078261 0.092754 0.098551 0.084058 0.075362 0.142029 0.092754 0.104348 0.084058 0.078261 0.174888 0.063291 0.098551 0.075362 0.104348 0.286822 0.432990
1.688.14A.X:15975766-15976072 0.044554 0.048860 0.061889 0.045603 0.000000 0.214984 0.238971 0.017065 0.078176 0.055375 0.065147 0.087948 0.055375 0.055375 0.042345 0.435374 0.017857 0.039088 0.045603 0.048860 0.048860 0.055375 0.081433 0.081433 0.058632 0.058632 0.048860 0.061889 0.084691 0.078176 0.061889 0.065147 0.052117 0.068404 0.039088 0.045603 0.048860 0.068404 0.048860 0.048860 0.068404 0.068404 0.032573 0.117264 0.071661 0.035831 0.052117 0.074919 0.074919 0.052117 0.039088 0.052117 0.055375 0.039088 0.039088 0.039088 0.071661 0.039088 0.039088 0.039088 0.039088 0.058632 0.055375 0.035831 0.052117 0.097720 0.081433 0.065147 0.065147 0.061889 0.065147 0.123779 0.058632 0.065147 0.071661 0.068404 0.061889 0.065147 0.065147 0.058632 0.061889 0.061889 0.061889 0.068404 0.068404 0.058632 0.117264 0.084691 0.091205 0.074919 0.061889 0.304933 0.088608 0.081433 0.065147 0.091205 0.519380 0.412371
1.688.14A.X:15976094-15976406 0.108911 0.102236 0.121406 0.105431 0.214984 0.000000 0.242647 0.242321 0.015974 0.115016 0.124601 0.031949 0.111821 0.115016 0.089457 0.394558 0.142857 0.099042 0.105431 0.242812 0.124601 0.108626 0.274760 0.274760 0.118211 0.134185 0.124601 0.255591 0.140575 0.137380 0.258786 0.249201 0.111821 0.246006 0.099042 0.105431 0.108626 0.246006 0.108626 0.108626 0.246006 0.246006 0.092652 0.159744 0.124601 0.095847 0.118211 0.121406 0.121406 0.118211 0.105431 0.118211 0.108626 0.105431 0.105431 0.105431 0.124601 0.105431 0.105431 0.105431 0.105431 0.124601 0.108626 0.102236 0.118211 0.162939 0.146965 0.127796 0.127796 0.124601 0.127796 0.284345 0.121406 0.127796 0.134185 0.130990 0.124601 0.121406 0.127796 0.121406 0.124601 0.124601 0.118211 0.130990 0.137380 0.121406 0.274760 0.143770 0.204473 0.130990 0.118211 0.322870 0.227848 0.143770 0.137380 0.204473 0.472868 0.525773
1.688.14A.X:15976408-15976679 0.475248 0.062500 0.069853 0.121324 0.238971 0.242647 0.000000 0.308824 0.220588 0.000000 0.158088 0.044118 0.003676 0.125000 0.040441 0.040816 0.660714 0.018382 0.022059 0.062500 0.062500 0.047794 0.058824 0.095588 0.132353 0.058824 0.058824 0.058824 0.077206 0.036765 0.073529 0.051471 0.029412 0.073529 0.011029 0.036765 0.033088 0.051471 0.055147 0.033088 0.051471 0.051471 0.033088 0.132353 0.033088 0.018382 0.040441 0.047794 0.058824 0.036765 0.022059 0.044118 0.022059 0.022059 0.022059 0.022059 0.044118 0.022059 0.022059 0.022059 0.022059 0.066176 0.022059 0.022059 0.073529 0.080882 0.069853 0.036765 0.055147 0.055147 0.036765 0.102941 0.033088 0.036765 0.066176 0.044118 0.040441 0.040441 0.044118 0.033088 0.036765 0.036765 0.073529 0.062500 0.040441 0.033088 0.110294 0.073529 0.040441 0.044118 0.036765 0.053812 0.683544 0.047794 0.033088 0.040441 0.069767 0.659794
1.688.14A.X:15976686-15976978 0.044554 0.064846 0.078498 0.061433 0.017065 0.242321 0.308824 0.000000 0.098976 0.075085 0.081911 0.105802 0.075085 0.071672 0.058020 0.557823 0.017857 0.054608 0.061433 0.064846 0.064846 0.071672 0.098976 0.085324 0.075085 0.075085 0.064846 0.044369 0.088737 0.061433 0.064846 0.068259 0.054608 0.037543 0.054608 0.047782 0.051195 0.037543 0.051195 0.051195 0.037543 0.037543 0.051195 0.088737 0.092150 0.054608 0.037543 0.061433 0.095563 0.071672 0.058020 0.037543 0.075085 0.058020 0.058020 0.058020 0.058020 0.058020 0.058020 0.058020 0.058020 0.078498 0.075085 0.054608 0.037543 0.085324 0.102389 0.078498 0.078498 0.081911 0.078498 0.208191 0.078498 0.078498 0.085324 0.081911 0.081911 0.085324 0.085324 0.078498 0.081911 0.081911 0.081911 0.088737 0.088737 0.078498 0.139932 0.105802 0.112628 0.092150 0.081911 0.390135 0.088608 0.102389 0.085324 0.112628 0.658915 0.412371
1.688.14A.X:15977000-15977313 0.108911 0.085987 0.200637 0.207006 0.078176 0.015974 0.220588 0.098976 0.000000 0.216561 0.108280 0.015924 0.216561 0.098726 0.073248 0.394558 0.142857 0.082803 0.089172 0.108280 0.108280 0.092357 0.257962 0.140127 0.101911 0.235669 0.226115 0.121019 0.242038 0.238854 0.242038 0.114650 0.095541 0.111465 0.082803 0.089172 0.092357 0.111465 0.092357 0.092357 0.111465 0.111465 0.076433 0.159236 0.108280 0.079618 0.101911 0.105096 0.105096 0.101911 0.203822 0.101911 0.092357 0.203822 0.203822 0.203822 0.108280 0.203822 0.203822 0.203822 0.203822 0.108280 0.092357 0.085987 0.101911 0.235669 0.130573 0.213376 0.213376 0.210191 0.213376 0.270701 0.207006 0.213376 0.219745 0.216561 0.210191 0.207006 0.213376 0.207006 0.210191 0.210191 0.203822 0.216561 0.207006 0.207006 0.261146 0.127389 0.207006 0.216561 0.203822 0.295964 0.227848 0.226115 0.203822 0.207006 0.472868 0.525773
1.688.14A.X:15977315-15977674 0.059406 0.053073 0.080556 0.069565 0.055375 0.115016 0.000000 0.075085 0.216561 0.000000 0.102857 0.183333 0.008333 0.085227 0.041667 0.040816 0.017857 0.025000 0.030556 0.058496 0.058496 0.050000 0.067039 0.075630 0.107955 0.067039 0.052925 0.055710 0.064246 0.052925 0.061453 0.047354 0.033333 0.061453 0.019444 0.038889 0.036111 0.047354 0.050139 0.036111 0.047354 0.047354 0.036111 0.088319 0.050139 0.025000 0.041667 0.063889 0.067039 0.038889 0.030556 0.044444 0.044444 0.030556 0.030556 0.030556 0.058496 0.030556 0.030556 0.030556 0.030556 0.061281 0.044444 0.027778 0.061453 0.086835 0.081006 0.050000 0.063889 0.063889 0.050000 0.068966 0.047222 0.050000 0.067039 0.052925 0.052778 0.052778 0.052925 0.047222 0.050000 0.050000 0.075209 0.069444 0.055556 0.047222 0.100559 0.077994 0.067039 0.055556 0.050000 0.053812 0.139241 0.058333 0.050000 0.067039 0.069767 0.474227
1.688.14A.X:15977675-15978024 0.069307 0.102857 0.131429 0.110145 0.065147 0.124601 0.158088 0.081911 0.108280 0.102857 0.000000 0.262857 0.108571 0.034286 0.117143 0.149660 0.000000 0.100000 0.105714 0.114286 0.105714 0.102857 0.140000 0.157143 0.065714 0.125714 0.134286 0.125714 0.142857 0.080000 0.140000 0.122857 0.060000 0.122857 0.094286 0.065714 0.062857 0.122857 0.108571 0.062857 0.122857 0.122857 0.094286 0.122857 0.082857 0.105714 0.071429 0.097143 0.128571 0.117143 0.108571 0.074286 0.122857 0.108571 0.108571 0.108571 0.091429 0.108571 0.108571 0.108571 0.108571 0.120000 0.122857 0.105714 0.114286 0.154286 0.140000 0.128571 0.082857 0.077143 0.128571 0.126437 0.125714 0.128571 0.094286 0.131429 0.128571 0.131429 0.131429 0.125714 0.128571 0.128571 0.117143 0.082857 0.134286 0.125714 0.134286 0.120000 0.157143 0.131429 0.128571 0.134529 0.088608 0.140000 0.125714 0.157143 0.209302 0.432990
1.688.14A.X:15978025-15978391 0.128713 0.083799 0.116022 0.211594 0.087948 0.031949 0.044118 0.105802 0.015924 0.183333 0.262857 0.000000 0.186111 0.241477 0.141274 0.040816 0.142857 0.166205 0.171745 0.203343 0.203343 0.169444 0.212291 0.210084 0.255682 0.206704 0.181058 0.197772 0.198324 0.194986 0.198324 0.192201 0.177778 0.203911 0.166205 0.172222 0.175000 0.189415 0.189415 0.175000 0.189415 0.189415 0.177778 0.233618 0.083565 0.168975 0.083333 0.097222 0.192737 0.083333 0.177285 0.086111 0.077778 0.177285 0.177285 0.177285 0.089136 0.177285 0.177285 0.177285 0.177285 0.206128 0.077778 0.177285 0.209497 0.207283 0.203911 0.188366 0.200000 0.200000 0.188366 0.209770 0.185596 0.188366 0.206704 0.192201 0.191136 0.185596 0.192201 0.185596 0.188366 0.188366 0.203343 0.205556 0.185596 0.185596 0.240223 0.208914 0.178771 0.196676 0.182825 0.094170 0.227848 0.202216 0.185596 0.178771 0.100775 0.618557
1.688.14A.X:15978393-15978752 0.059406 0.055866 0.083333 0.063768 0.055375 0.111821 0.003676 0.075085 0.216561 0.008333 0.108571 0.186111 0.000000 0.090909 0.044444 0.047619 0.035714 0.027778 0.033333 0.058496 0.061281 0.052778 0.069832 0.078431 0.116477 0.069832 0.055710 0.058496 0.067039 0.055710 0.064246 0.050139 0.036111 0.064246 0.022222 0.041667 0.038889 0.050139 0.052925 0.038889 0.050139 0.050139 0.038889 0.091168 0.052925 0.027778 0.044444 0.066667 0.069832 0.041667 0.033333 0.047222 0.047222 0.033333 0.033333 0.033333 0.061281 0.033333 0.033333 0.033333 0.033333 0.064067 0.047222 0.030556 0.064246 0.089636 0.083799 0.052778 0.066667 0.066667 0.052778 0.071839 0.050000 0.052778 0.069832 0.055710 0.055556 0.055556 0.055710 0.050000 0.052778 0.052778 0.077994 0.072222 0.058333 0.050000 0.103352 0.080780 0.069832 0.058333 0.052778 0.058296 0.126582 0.061111 0.052778 0.069832 0.077519 0.494845
1.688.14A.X:15978753-15979104 0.054455 0.090909 0.119318 0.095652 0.055375 0.115016 0.125000 0.071672 0.098726 0.085227 0.034286 0.241477 0.090909 0.000000 0.096591 0.136054 0.000000 0.082386 0.088068 0.096591 0.053977 0.071023 0.122159 0.144886 0.065341 0.107955 0.116477 0.107955 0.130682 0.113636 0.127841 0.110795 0.093750 0.119318 0.076705 0.099432 0.096591 0.110795 0.105114 0.096591 0.110795 0.110795 0.090909 0.111111 0.116477 0.088068 0.105114 0.116477 0.125000 0.059659 0.090909 0.105114 0.105114 0.090909 0.090909 0.090909 0.122159 0.090909 0.090909 0.090909 0.090909 0.116477 0.105114 0.088068 0.119318 0.159091 0.147727 0.110795 0.125000 0.125000 0.110795 0.112069 0.107955 0.110795 0.130682 0.113636 0.110795 0.113636 0.113636 0.107955 0.110795 0.110795 0.125000 0.130682 0.116477 0.107955 0.170455 0.125000 0.139205 0.113636 0.110795 0.130045 0.113924 0.122159 0.107955 0.139205 0.193798 0.432990
1.688.14A.X:15979105-15979465 0.054455 0.050279 0.066482 0.063768 0.042345 0.089457 0.040441 0.058020 0.073248 0.041667 0.117143 0.141274 0.044444 0.096591 0.000000 0.040816 0.000000 0.024931 0.030471 0.061281 0.061281 0.027778 0.069832 0.067227 0.110795 0.064246 0.038997 0.055710 0.055866 0.052925 0.055866 0.050139 0.036111 0.061453 0.024931 0.030556 0.033333 0.047354 0.047354 0.033333 0.047354 0.047354 0.036111 0.088319 0.055710 0.027701 0.044444 0.069444 0.072626 0.044444 0.038781 0.047222 0.050000 0.038781 0.038781 0.038781 0.061281 0.038781 0.038781 0.038781 0.038781 0.066852 0.050000 0.036011 0.067039 0.089636 0.086592 0.058172 0.069444 0.069444 0.058172 0.074713 0.055402 0.058172 0.075419 0.061281 0.060942 0.055402 0.061281 0.055402 0.058172 0.058172 0.072423 0.075000 0.058172 0.055402 0.111732 0.080780 0.075419 0.066482 0.052632 0.085202 0.063291 0.074792 0.058172 0.075419 0.100775 0.412371
1.688.14A.X:15979466-15979612 0.673469 0.102041 0.102041 0.197279 0.435374 0.394558 0.040816 0.557823 0.394558 0.040816 0.149660 0.040816 0.047619 0.136054 0.040816 0.000000 0.696429 0.006803 0.006803 0.108844 0.108844 0.034014 0.068027 0.129252 0.142857 0.095238 0.068027 0.102041 0.095238 0.047619 0.129252 0.095238 0.061224 0.136054 0.020408 0.061224 0.054422 0.095238 0.095238 0.054422 0.095238 0.095238 0.061224 0.142857 0.027211 0.027211 0.068027 0.095238 0.081633 0.034014 0.040816 0.074830 0.040816 0.040816 0.040816 0.040816 0.074830 0.040816 0.040816 0.040816 0.040816 0.081633 0.040816 0.040816 0.136054 0.102041 0.081633 0.054422 0.088435 0.081633 0.054422 0.163265 0.047619 0.054422 0.115646 0.074830 0.054422 0.047619 0.068027 0.047619 0.047619 0.047619 0.115646 0.081633 0.047619 0.047619 0.088435 0.088435 0.054422 0.061224 0.047619 0.047619 0.746835 0.054422 0.054422 0.054422 0.077519 0.690722
1.688.14A.X:15979607-15979662 0.000000 0.000000 0.089286 0.000000 0.017857 0.142857 0.660714 0.017857 0.142857 0.017857 0.000000 0.142857 0.035714 0.000000 0.000000 0.696429 0.000000 0.000000 0.000000 0.000000 0.000000 0.000000 0.000000 0.000000 0.000000 0.000000 0.000000 0.000000 0.000000 0.000000 0.000000 0.000000 0.000000 0.000000 0.000000 0.000000 0.000000 0.000000 0.000000 0.000000 0.000000 0.000000 0.000000 0.000000 0.107143 0.000000 0.000000 0.107143 0.107143 0.000000 0.017857 0.000000 0.107143 0.017857 0.017857 0.017857 0.107143 0.017857 0.017857 0.017857 0.017857 0.017857 0.107143 0.000000 0.000000 0.142857 0.142857 0.071429 0.071429 0.071429 0.071429 0.071429 0.071429 0.071429 0.071429 0.071429 0.071429 0.071429 0.071429 0.071429 0.071429 0.071429 0.071429 0.071429 0.089286 0.071429 0.089286 0.089286 0.214286 0.071429 0.071429 0.696429 0.071429 0.089286 0.089286 0.214286 0.696429 0.500000
1.688.14A.X:15979663-15980023 0.034653 0.036313 0.055402 0.040580 0.039088 0.099042 0.018382 0.054608 0.082803 0.025000 0.100000 0.166205 0.027778 0.082386 0.024931 0.006803 0.000000 0.000000 0.005540 0.041783 0.041783 0.030556 0.050279 0.056022 0.093750 0.044693 0.036212 0.036212 0.044693 0.027855 0.041899 0.030641 0.019444 0.044693 0.005540 0.019444 0.016667 0.030641 0.030641 0.016667 0.030641 0.030641 0.019444 0.071225 0.038997 0.011080 0.027778 0.052778 0.055866 0.027778 0.022161 0.030556 0.033333 0.022161 0.022161 0.022161 0.044568 0.022161 0.022161 0.022161 0.022161 0.050139 0.033333 0.019391 0.050279 0.072829 0.067039 0.038781 0.050000 0.050000 0.038781 0.054598 0.036011 0.038781 0.055866 0.041783 0.041551 0.041551 0.041783 0.036011 0.038781 0.038781 0.061281 0.055556 0.044321 0.036011 0.094972 0.064067 0.055866 0.047091 0.038781 0.053812 0.063291 0.055402 0.038781 0.055866 0.077519 0.412371
1.688.14A.X:15980024-15980384 0.049505 0.041899 0.055402 0.049275 0.045603 0.105431 0.022059 0.061433 0.089172 0.030556 0.105714 0.171745 0.033333 0.088068 0.030471 0.006803 0.000000 0.005540 0.000000 0.041783 0.041783 0.030556 0.053073 0.061625 0.096591 0.047486 0.041783 0.036212 0.050279 0.030641 0.047486 0.036212 0.025000 0.050279 0.011080 0.025000 0.022222 0.036212 0.036212 0.022222 0.036212 0.036212 0.025000 0.076923 0.044568 0.016620 0.033333 0.058333 0.061453 0.033333 0.027701 0.036111 0.038889 0.027701 0.027701 0.027701 0.050139 0.027701 0.027701 0.027701 0.027701 0.055710 0.038889 0.024931 0.055866 0.078431 0.072626 0.044321 0.055556 0.055556 0.044321 0.060345 0.041551 0.044321 0.061453 0.047354 0.047091 0.047091 0.047354 0.041551 0.044321 0.044321 0.066852 0.061111 0.049861 0.041551 0.097765 0.069638 0.061453 0.052632 0.044321 0.053812 0.063291 0.058172 0.044321 0.061453 0.077519 0.412371
1.688.14A.X:15980385-15980743 0.039604 0.053073 0.086351 0.075362 0.048860 0.242812 0.062500 0.064846 0.108280 0.058496 0.114286 0.203343 0.058496 0.096591 0.061281 0.108844 0.000000 0.041783 0.041783 0.000000 0.036212 0.064067 0.044693 0.072829 0.116477 0.022346 0.050139 0.033426 0.067039 0.069638 0.058659 0.069638 0.052925 0.083799 0.036212 0.058496 0.055710 0.069638 0.072423 0.055710 0.069638 0.069638 0.058496 0.111111 0.075209 0.047354 0.064067 0.089136 0.092179 0.061281 0.052925 0.066852 0.066852 0.052925 0.052925 0.052925 0.083565 0.052925 0.052925 0.052925 0.052925 0.086351 0.066852 0.050139 0.083799 0.112045 0.106145 0.072423 0.086351 0.086351 0.072423 0.094828 0.069638 0.072423 0.094972 0.080780 0.075209 0.075209 0.080780 0.069638 0.072423 0.072423 0.077994 0.091922 0.077994 0.069638 0.131285 0.080780 0.094972 0.077994 0.072423 0.112108 0.063291 0.086351 0.072423 0.094972 0.162791 0.412371
1.688.14A.X:15980744-15981102 0.044554 0.058659 0.080780 0.075362 0.048860 0.124601 0.062500 0.064846 0.108280 0.058496 0.105714 0.203343 0.061281 0.053977 0.061281 0.108844 0.000000 0.041783 0.041783 0.036212 0.000000 0.064067 0.047486 0.072829 0.105114 0.050279 0.050139 0.033426 0.067039 0.069638 0.058659 0.069638 0.052925 0.055866 0.036212 0.058496 0.055710 0.069638 0.044568 0.055710 0.069638 0.069638 0.030641 0.082621 0.075209 0.047354 0.064067 0.089136 0.064246 0.061281 0.052925 0.066852 0.066852 0.052925 0.052925 0.052925 0.083565 0.052925 0.052925 0.052925 0.052925 0.055710 0.066852 0.050139 0.072626 0.092437 0.081006 0.072423 0.072423 0.066852 0.072423 0.094828 0.069638 0.072423 0.081006 0.080780 0.075209 0.075209 0.080780 0.069638 0.072423 0.072423 0.080780 0.072423 0.077994 0.069638 0.111732 0.103064 0.094972 0.077994 0.072423 0.112108 0.063291 0.086351 0.072423 0.094972 0.162791 0.412371
1.688.14A.X:15981103-15981462 0.074257 0.058659 0.072222 0.075362 0.055375 0.108626 0.047794 0.071672 0.092357 0.050000 0.102857 0.169444 0.052778 0.071023 0.027778 0.034014 0.000000 0.030556 0.030556 0.064067 0.064067 0.000000 0.075419 0.075630 0.119318 0.069832 0.047354 0.058496 0.064246 0.058496 0.064246 0.058496 0.044444 0.069832 0.030556 0.038889 0.041667 0.055710 0.055710 0.041667 0.055710 0.055710 0.044444 0.096866 0.064067 0.033333 0.052778 0.077778 0.081006 0.052778 0.044444 0.055556 0.058333 0.044444 0.044444 0.044444 0.069638 0.044444 0.044444 0.044444 0.044444 0.075209 0.058333 0.041667 0.075419 0.098039 0.092179 0.061111 0.075000 0.075000 0.061111 0.080460 0.058333 0.061111 0.081006 0.066852 0.063889 0.063889 0.066852 0.058333 0.061111 0.061111 0.086351 0.080556 0.066667 0.058333 0.094972 0.061281 0.078212 0.069444 0.061111 0.062780 0.063291 0.077778 0.061111 0.078212 0.085271 0.412371
1.688.14A.X:15981463-15981820 0.089109 0.078212 0.097765 0.095652 0.081433 0.274760 0.058824 0.098976 0.257962 0.067039 0.140000 0.212291 0.069832 0.122159 0.069832 0.068027 0.000000 0.050279 0.053073 0.044693 0.047486 0.075419 0.000000 0.072829 0.107955 0.033520 0.047486 0.044693 0.067039 0.050279 0.069832 0.078212 0.061453 0.094972 0.044693 0.067039 0.064246 0.078212 0.081006 0.064246 0.078212 0.078212 0.067039 0.122507 0.081006 0.055866 0.072626 0.097765 0.100559 0.067039 0.061453 0.075419 0.075419 0.061453 0.061453 0.061453 0.092179 0.061453 0.061453 0.061453 0.061453 0.094972 0.075419 0.058659 0.100559 0.123249 0.117318 0.081006 0.094972 0.094972 0.081006 0.106322 0.078212 0.081006 0.106145 0.089385 0.083799 0.083799 0.089385 0.078212 0.081006 0.081006 0.108939 0.100559 0.086592 0.078212 0.131285 0.111732 0.106145 0.086592 0.081006 0.107623 0.063291 0.094972 0.081006 0.106145 0.116279 0.412371
1.688.14A.X:15981821-15982177 0.054455 0.092437 0.098039 0.110145 0.081433 0.274760 0.095588 0.085324 0.140127 0.075630 0.157143 0.210084 0.078431 0.144886 0.067227 0.129252 0.000000 0.056022 0.061625 0.072829 0.072829 0.075630 0.072829 0.000000 0.110795 0.078431 0.028011 0.058824 0.014006 0.084034 0.014006 0.058824 0.042017 0.067227 0.056022 0.042017 0.039216 0.050420 0.056022 0.039216 0.050420 0.050420 0.070028 0.082621 0.092437 0.058824 0.072829 0.098039 0.112045 0.078431 0.070028 0.075630 0.084034 0.070028 0.070028 0.070028 0.092437 0.070028 0.070028 0.070028 0.070028 0.103641 0.084034 0.067227 0.084034 0.109244 0.109244 0.086835 0.078431 0.086835 0.086835 0.114943 0.084034 0.086835 0.089636 0.095238 0.089636 0.086835 0.095238 0.084034 0.086835 0.086835 0.098039 0.092437 0.089636 0.084034 0.106443 0.117647 0.112045 0.095238 0.084034 0.147982 0.063291 0.103641 0.086835 0.112045 0.193798 0.412371
1.688.14A.X:15982178-15982529 0.064356 0.062500 0.119318 0.084058 0.058632 0.118211 0.132353 0.075085 0.101911 0.107955 0.065714 0.255682 0.116477 0.065341 0.110795 0.142857 0.000000 0.093750 0.096591 0.116477 0.105114 0.119318 0.107955 0.110795 0.000000 0.096591 0.130682 0.122159 0.116477 0.093750 0.113636 0.122159 0.105114 0.096591 0.088068 0.110795 0.107955 0.122159 0.082386 0.107955 0.122159 0.122159 0.090909 0.119658 0.127841 0.099432 0.116477 0.127841 0.125000 0.110795 0.102273 0.116477 0.116477 0.102273 0.102273 0.102273 0.133523 0.102273 0.102273 0.102273 0.102273 0.116477 0.116477 0.099432 0.127841 0.136364 0.144886 0.127841 0.130682 0.125000 0.127841 0.135057 0.125000 0.127841 0.136364 0.130682 0.127841 0.130682 0.130682 0.125000 0.127841 0.127841 0.130682 0.130682 0.133523 0.125000 0.147727 0.136364 0.153409 0.130682 0.127841 0.206278 0.063291 0.142045 0.125000 0.153409 0.201550 0.412371
1.688.14A.X:15982530-15982887 0.064356 0.069832 0.094972 0.081159 0.058632 0.134185 0.058824 0.075085 0.235669 0.067039 0.125714 0.206704 0.069832 0.107955 0.064246 0.095238 0.000000 0.044693 0.047486 0.022346 0.050279 0.069832 0.033520 0.078431 0.096591 0.000000 0.053073 0.044693 0.072626 0.047486 0.064246 0.078212 0.061453 0.092179 0.044693 0.061453 0.058659 0.075419 0.075419 0.058659 0.075419 0.075419 0.061453 0.119658 0.083799 0.050279 0.069832 0.094972 0.103352 0.069832 0.061453 0.072626 0.075419 0.061453 0.061453 0.061453 0.089385 0.061453 0.061453 0.061453 0.061453 0.094972 0.075419 0.058659 0.092179 0.120448 0.114525 0.078212 0.092179 0.092179 0.078212 0.103448 0.075419 0.078212 0.103352 0.086592 0.081006 0.081006 0.086592 0.075419 0.078212 0.078212 0.083799 0.097765 0.083799 0.075419 0.142458 0.086592 0.103352 0.086592 0.078212 0.103139 0.063291 0.094972 0.078212 0.103352 0.162791 0.412371
1.688.14A.X:15982888-15983246 0.054455 0.069832 0.083565 0.084058 0.048860 0.124601 0.058824 0.064846 0.226115 0.052925 0.134286 0.181058 0.055710 0.116477 0.038997 0.068027 0.000000 0.036212 0.041783 0.050139 0.050139 0.047354 0.047486 0.028011 0.130682 0.053073 0.000000 0.044568 0.033520 0.069638 0.044693 0.066852 0.050139 0.078212 0.036212 0.044568 0.047354 0.064067 0.064067 0.047354 0.064067 0.064067 0.050139 0.091168 0.072423 0.038997 0.058496 0.083565 0.089385 0.058496 0.050139 0.061281 0.064067 0.050139 0.050139 0.050139 0.077994 0.050139 0.050139 0.050139 0.050139 0.083565 0.064067 0.047354 0.083799 0.106443 0.100559 0.066852 0.080780 0.080780 0.066852 0.089080 0.064067 0.066852 0.089385 0.075209 0.069638 0.066852 0.075209 0.064067 0.066852 0.066852 0.091922 0.086351 0.069638 0.064067 0.094972 0.097493 0.089385 0.075209 0.064067 0.107623 0.063291 0.080780 0.066852 0.089385 0.124031 0.412371
1.688.14A.X:15983247-15983605 0.039604 0.064246 0.080780 0.078261 0.061889 0.255591 0.058824 0.044369 0.121019 0.055710 0.125714 0.197772 0.058496 0.107955 0.055710 0.102041 0.000000 0.036212 0.036212 0.033426 0.033426 0.058496 0.044693 0.058824 0.122159 0.044693 0.044568 0.000000 0.055866 0.036212 0.044693 0.058496 0.041783 0.050279 0.033426 0.047354 0.044568 0.036212 0.061281 0.044568 0.036212 0.036212 0.052925 0.076923 0.072423 0.041783 0.030641 0.055710 0.089385 0.058496 0.050139 0.033426 0.064067 0.050139 0.050139 0.050139 0.050139 0.050139 0.050139 0.050139 0.050139 0.083565 0.064067 0.047354 0.055866 0.078431 0.100559 0.066852 0.080780 0.080780 0.066852 0.089080 0.064067 0.066852 0.089385 0.075209 0.069638 0.069638 0.075209 0.064067 0.066852 0.066852 0.094708 0.086351 0.072423 0.064067 0.128492 0.097493 0.089385 0.075209 0.066852 0.103139 0.063291 0.083565 0.066852 0.089385 0.162791 0.412371
1.688.14A.X:15983606-15983963 0.054455 0.081006 0.092179 0.095652 0.084691 0.140575 0.077206 0.088737 0.242038 0.064246 0.142857 0.198324 0.067039 0.130682 0.055866 0.095238 0.000000 0.044693 0.050279 0.067039 0.067039 0.064246 0.067039 0.014006 0.116477 0.072626 0.033520 0.055866 0.000000 0.069832 0.030726 0.047486 0.030726 0.053073 0.044693 0.027933 0.027933 0.036313 0.044693 0.027933 0.036313 0.036313 0.058659 0.065527 0.081006 0.047486 0.058659 0.083799 0.100559 0.067039 0.058659 0.061453 0.072626 0.058659 0.058659 0.058659 0.078212 0.058659 0.058659 0.058659 0.058659 0.092179 0.072626 0.055866 0.069832 0.092437 0.097765 0.075419 0.067039 0.075419 0.075419 0.100575 0.072626 0.075419 0.078212 0.083799 0.078212 0.075419 0.083799 0.072626 0.075419 0.075419 0.086592 0.081006 0.078212 0.072626 0.094972 0.106145 0.100559 0.083799 0.072626 0.125561 0.063291 0.092179 0.075419 0.100559 0.155039 0.412371
1.688.14A.X:15983964-15984322 0.064356 0.067039 0.080780 0.075362 0.078176 0.137380 0.036765 0.061433 0.238854 0.052925 0.080000 0.194986 0.055710 0.113636 0.052925 0.047619 0.000000 0.027855 0.030641 0.069638 0.069638 0.058496 0.050279 0.084034 0.093750 0.047486 0.069638 0.036212 0.069832 0.000000 0.069832 0.052925 0.038997 0.047486 0.030641 0.044568 0.041783 0.033426 0.058496 0.041783 0.033426 0.033426 0.050139 0.074074 0.069638 0.038997 0.027855 0.052925 0.086592 0.055710 0.047354 0.030641 0.061281 0.047354 0.047354 0.047354 0.047354 0.047354 0.047354 0.047354 0.047354 0.080780 0.061281 0.044568 0.053073 0.075630 0.097765 0.064067 0.077994 0.077994 0.064067 0.086207 0.061281 0.064067 0.086592 0.072423 0.066852 0.066852 0.072423 0.061281 0.064067 0.064067 0.091922 0.083565 0.069638 0.061281 0.125698 0.094708 0.086592 0.072423 0.064067 0.076233 0.063291 0.080780 0.064067 0.086592 0.116279 0.412371
1.688.14A.X:15984323-15984680 0.034653 0.081006 0.083799 0.092754 0.061889 0.258786 0.073529 0.064846 0.242038 0.061453 0.140000 0.198324 0.064246 0.127841 0.055866 0.129252 0.000000 0.041899 0.047486 0.058659 0.058659 0.064246 0.069832 0.014006 0.113636 0.064246 0.044693 0.044693 0.030726 0.069832 0.000000 0.044693 0.027933 0.053073 0.041899 0.027933 0.025140 0.036313 0.041899 0.025140 0.036313 0.036313 0.055866 0.079772 0.078212 0.044693 0.058659 0.083799 0.097765 0.064246 0.055866 0.061453 0.069832 0.055866 0.055866 0.055866 0.078212 0.055866 0.055866 0.055866 0.055866 0.089385 0.069832 0.053073 0.069832 0.092437 0.094972 0.072626 0.064246 0.072626 0.072626 0.097701 0.069832 0.072626 0.075419 0.081006 0.075419 0.075419 0.081006 0.069832 0.072626 0.072626 0.086592 0.078212 0.078212 0.069832 0.122905 0.103352 0.097765 0.081006 0.072626 0.121076 0.063291 0.089385 0.072626 0.097765 0.193798 0.412371
1.688.14A.X:15984681-15985039 0.034653 0.064246 0.086351 0.078261 0.065147 0.249201 0.051471 0.068259 0.114650 0.047354 0.122857 0.192201 0.050139 0.110795 0.050139 0.095238 0.000000 0.030641 0.036212 0.069638 0.069638 0.058496 0.078212 0.058824 0.122159 0.078212 0.066852 0.058496 0.047486 0.052925 0.044693 0.000000 0.013928 0.044693 0.027855 0.019499 0.016713 0.030641 0.033426 0.016713 0.030641 0.030641 0.047354 0.071225 0.064067 0.036212 0.044568 0.069638 0.081006 0.050139 0.041783 0.047354 0.055710 0.041783 0.041783 0.041783 0.064067 0.041783 0.041783 0.041783 0.041783 0.075209 0.055710 0.038997 0.061453 0.084034 0.081006 0.061281 0.052925 0.061281 0.061281 0.083333 0.058496 0.061281 0.058659 0.069638 0.064067 0.064067 0.069638 0.058496 0.061281 0.061281 0.075209 0.066852 0.066852 0.058496 0.106145 0.091922 0.083799 0.066852 0.061281 0.098655 0.063291 0.075209 0.061281 0.083799 0.147287 0.412371
1.688.14A.X:15985040-15985399 0.034653 0.047486 0.075000 0.063768 0.052117 0.111821 0.029412 0.054608 0.095541 0.033333 0.060000 0.177778 0.036111 0.093750 0.036111 0.061224 0.000000 0.019444 0.025000 0.052925 0.052925 0.044444 0.061453 0.042017 0.105114 0.061453 0.050139 0.041783 0.030726 0.038997 0.027933 0.013928 0.000000 0.027933 0.013889 0.005556 0.002778 0.013928 0.016713 0.002778 0.013928 0.013928 0.033333 0.054131 0.047354 0.022222 0.030556 0.055556 0.064246 0.036111 0.027778 0.033333 0.041667 0.027778 0.027778 0.027778 0.047354 0.027778 0.027778 0.027778 0.027778 0.058496 0.041667 0.025000 0.044693 0.067227 0.064246 0.047222 0.038889 0.047222 0.047222 0.066092 0.044444 0.047222 0.044693 0.052925 0.050000 0.050000 0.052925 0.044444 0.047222 0.047222 0.058496 0.052778 0.052778 0.044444 0.089385 0.075209 0.067039 0.052778 0.047222 0.071749 0.063291 0.061111 0.047222 0.067039 0.100775 0.412371
1.688.14A.X:15985400-15985757 0.034653 0.069832 0.092179 0.084058 0.068404 0.246006 0.073529 0.037543 0.111465 0.061453 0.122857 0.203911 0.064246 0.119318 0.061453 0.136054 0.000000 0.044693 0.050279 0.083799 0.055866 0.069832 0.094972 0.067227 0.096591 0.092179 0.078212 0.050279 0.053073 0.047486 0.053073 0.044693 0.027933 0.000000 0.041899 0.030726 0.027933 0.013966 0.013966 0.027933 0.013966 0.013966 0.027933 0.025641 0.078212 0.047486 0.036313 0.061453 0.067039 0.064246 0.055866 0.039106 0.069832 0.055866 0.055866 0.055866 0.055866 0.055866 0.055866 0.055866 0.055866 0.058659 0.069832 0.053073 0.047486 0.070028 0.092179 0.072626 0.064246 0.072626 0.072626 0.097701 0.069832 0.072626 0.075419 0.081006 0.075419 0.075419 0.081006 0.069832 0.072626 0.072626 0.086592 0.078212 0.078212 0.069832 0.122905 0.103352 0.097765 0.081006 0.072626 0.121076 0.063291 0.089385 0.072626 0.097765 0.193798 0.412371
1.688.14A.X:15985758-15986118 0.034653 0.030726 0.060942 0.046377 0.039088 0.099042 0.011029 0.054608 0.082803 0.019444 0.094286 0.166205 0.022222 0.076705 0.024931 0.020408 0.000000 0.005540 0.011080 0.036212 0.036212 0.030556 0.044693 0.056022 0.088068 0.044693 0.036212 0.033426 0.044693 0.030641 0.041899 0.027855 0.013889 0.041899 0.000000 0.019444 0.016667 0.027855 0.030641 0.016667 0.027855 0.027855 0.019444 0.068376 0.033426 0.011080 0.025000 0.050000 0.050279 0.022222 0.016620 0.027778 0.027778 0.016620 0.016620 0.016620 0.041783 0.016620 0.016620 0.016620 0.016620 0.044568 0.027778 0.013850 0.047486 0.070028 0.064246 0.036011 0.047222 0.047222 0.036011 0.051724 0.033241 0.036011 0.053073 0.038997 0.038781 0.038781 0.038997 0.033241 0.036011 0.036011 0.058496 0.052778 0.041551 0.033241 0.089385 0.061281 0.053073 0.041551 0.036011 0.049327 0.063291 0.049861 0.036011 0.053073 0.062016 0.412371
1.688.14A.X:15986119-15986478 0.034653 0.053073 0.066667 0.063768 0.045603 0.105431 0.036765 0.047782 0.089172 0.038889 0.065714 0.172222 0.041667 0.099432 0.030556 0.061224 0.000000 0.019444 0.025000 0.058496 0.058496 0.038889 0.067039 0.042017 0.110795 0.061453 0.044568 0.047354 0.027933 0.044568 0.027933 0.019499 0.005556 0.030726 0.019444 0.000000 0.002778 0.016713 0.016713 0.002778 0.016713 0.016713 0.033333 0.056980 0.052925 0.022222 0.036111 0.061111 0.069832 0.041667 0.033333 0.038889 0.047222 0.033333 0.033333 0.033333 0.052925 0.033333 0.033333 0.033333 0.033333 0.064067 0.047222 0.030556 0.047486 0.070028 0.067039 0.050000 0.041667 0.050000 0.050000 0.068966 0.047222 0.050000 0.047486 0.055710 0.052778 0.052778 0.055710 0.047222 0.050000 0.050000 0.061281 0.055556 0.055556 0.047222 0.094972 0.077994 0.069832 0.058333 0.050000 0.076233 0.063291 0.066667 0.050000 0.069832 0.116279 0.412371
1.688.14A.X:15986479-15986838 0.034653 0.050279 0.072222 0.060870 0.048860 0.108626 0.033088 0.051195 0.092357 0.036111 0.062857 0.175000 0.038889 0.096591 0.033333 0.054422 0.000000 0.016667 0.022222 0.055710 0.055710 0.041667 0.064246 0.039216 0.107955 0.058659 0.047354 0.044568 0.027933 0.041783 0.025140 0.016713 0.002778 0.027933 0.016667 0.002778 0.000000 0.013928 0.013928 0.000000 0.013928 0.013928 0.030556 0.054131 0.050139 0.019444 0.033333 0.058333 0.067039 0.038889 0.030556 0.036111 0.044444 0.030556 0.030556 0.030556 0.050139 0.030556 0.030556 0.030556 0.030556 0.061281 0.044444 0.027778 0.044693 0.067227 0.064246 0.047222 0.038889 0.047222 0.047222 0.066092 0.044444 0.047222 0.044693 0.052925 0.050000 0.050000 0.052925 0.044444 0.047222 0.047222 0.058496 0.052778 0.052778 0.044444 0.092179 0.075209 0.067039 0.055556 0.047222 0.071749 0.063291 0.063889 0.047222 0.067039 0.108527 0.412371
1.688.14A.X:15986839-15987197 0.034653 0.064246 0.086351 0.078261 0.068404 0.246006 0.051471 0.037543 0.111465 0.047354 0.122857 0.189415 0.050139 0.110795 0.047354 0.095238 0.000000 0.030641 0.036212 0.069638 0.069638 0.055710 0.078212 0.050420 0.122159 0.075419 0.064067 0.036212 0.036313 0.033426 0.036313 0.030641 0.013928 0.013966 0.027855 0.016713 0.013928 0.000000 0.030641 0.013928 0.000000 0.000000 0.044568 0.039886 0.064067 0.033426 0.022284 0.047354 0.081006 0.050139 0.041783 0.025070 0.055710 0.041783 0.041783 0.041783 0.041783 0.041783 0.041783 0.041783 0.041783 0.075209 0.055710 0.038997 0.030726 0.053221 0.078212 0.058496 0.050139 0.058496 0.058496 0.080460 0.055710 0.058496 0.058659 0.066852 0.061281 0.061281 0.066852 0.055710 0.058496 0.058496 0.072423 0.064067 0.064067 0.055710 0.106145 0.089136 0.081006 0.066852 0.058496 0.094170 0.063291 0.075209 0.058496 0.081006 0.147287 0.412371
1.688.14A.X:15987198-15987556 0.034653 0.055866 0.077994 0.066667 0.048860 0.108626 0.055147 0.051195 0.092357 0.050139 0.108571 0.189415 0.052925 0.105114 0.047354 0.095238 0.000000 0.030641 0.036212 0.072423 0.044568 0.055710 0.081006 0.056022 0.082386 0.075419 0.064067 0.061281 0.044693 0.058496 0.041899 0.033426 0.016713 0.013966 0.030641 0.016713 0.013928 0.030641 0.000000 0.013928 0.030641 0.030641 0.013928 0.039886 0.066852 0.033426 0.047354 0.072423 0.053073 0.052925 0.044568 0.050139 0.058496 0.044568 0.044568 0.044568 0.066852 0.044568 0.044568 0.044568 0.044568 0.047354 0.058496 0.041783 0.061453 0.084034 0.078212 0.061281 0.052925 0.061281 0.061281 0.083333 0.058496 0.061281 0.061453 0.069638 0.064067 0.064067 0.069638 0.058496 0.061281 0.061281 0.075209 0.066852 0.066852 0.058496 0.108939 0.091922 0.083799 0.069638 0.061281 0.098655 0.063291 0.077994 0.061281 0.083799 0.155039 0.412371
1.688.14A.X:15987557-15987916 0.034653 0.050279 0.072222 0.060870 0.048860 0.108626 0.033088 0.051195 0.092357 0.036111 0.062857 0.175000 0.038889 0.096591 0.033333 0.054422 0.000000 0.016667 0.022222 0.055710 0.055710 0.041667 0.064246 0.039216 0.107955 0.058659 0.047354 0.044568 0.027933 0.041783 0.025140 0.016713 0.002778 0.027933 0.016667 0.002778 0.000000 0.013928 0.013928 0.000000 0.013928 0.013928 0.030556 0.054131 0.050139 0.019444 0.033333 0.058333 0.067039 0.038889 0.030556 0.036111 0.044444 0.030556 0.030556 0.030556 0.050139 0.030556 0.030556 0.030556 0.030556 0.061281 0.044444 0.027778 0.044693 0.067227 0.064246 0.047222 0.038889 0.047222 0.047222 0.066092 0.044444 0.047222 0.044693 0.052925 0.050000 0.050000 0.052925 0.044444 0.047222 0.047222 0.058496 0.052778 0.052778 0.044444 0.092179 0.075209 0.067039 0.055556 0.047222 0.071749 0.063291 0.063889 0.047222 0.067039 0.108527 0.412371
1.688.14A.X:15987917-15988275 0.034653 0.064246 0.086351 0.078261 0.068404 0.246006 0.051471 0.037543 0.111465 0.047354 0.122857 0.189415 0.050139 0.110795 0.047354 0.095238 0.000000 0.030641 0.036212 0.069638 0.069638 0.055710 0.078212 0.050420 0.122159 0.075419 0.064067 0.036212 0.036313 0.033426 0.036313 0.030641 0.013928 0.013966 0.027855 0.016713 0.013928 0.000000 0.030641 0.013928 0.000000 0.000000 0.044568 0.039886 0.064067 0.033426 0.022284 0.047354 0.081006 0.050139 0.041783 0.025070 0.055710 0.041783 0.041783 0.041783 0.041783 0.041783 0.041783 0.041783 0.041783 0.075209 0.055710 0.038997 0.030726 0.053221 0.078212 0.058496 0.050139 0.058496 0.058496 0.080460 0.055710 0.058496 0.058659 0.066852 0.061281 0.061281 0.066852 0.055710 0.058496 0.058496 0.072423 0.064067 0.064067 0.055710 0.106145 0.089136 0.081006 0.066852 0.058496 0.094170 0.063291 0.075209 0.058496 0.081006 0.147287 0.412371
1.688.14A.X:15988276-15988634 0.034653 0.064246 0.086351 0.078261 0.068404 0.246006 0.051471 0.037543 0.111465 0.047354 0.122857 0.189415 0.050139 0.110795 0.047354 0.095238 0.000000 0.030641 0.036212 0.069638 0.069638 0.055710 0.078212 0.050420 0.122159 0.075419 0.064067 0.036212 0.036313 0.033426 0.036313 0.030641 0.013928 0.013966 0.027855 0.016713 0.013928 0.000000 0.030641 0.013928 0.000000 0.000000 0.044568 0.039886 0.064067 0.033426 0.022284 0.047354 0.081006 0.050139 0.041783 0.025070 0.055710 0.041783 0.041783 0.041783 0.041783 0.041783 0.041783 0.041783 0.041783 0.075209 0.055710 0.038997 0.030726 0.053221 0.078212 0.058496 0.050139 0.058496 0.058496 0.080460 0.055710 0.058496 0.058659 0.066852 0.061281 0.061281 0.066852 0.055710 0.058496 0.058496 0.072423 0.064067 0.064067 0.055710 0.106145 0.089136 0.081006 0.066852 0.058496 0.094170 0.063291 0.075209 0.058496 0.081006 0.147287 0.412371
1.688.14A.X:15988635-15988994 0.034653 0.041899 0.066667 0.052174 0.032573 0.092652 0.033088 0.051195 0.076433 0.036111 0.094286 0.177778 0.038889 0.090909 0.036111 0.061224 0.000000 0.019444 0.025000 0.058496 0.030641 0.044444 0.067039 0.070028 0.090909 0.061453 0.050139 0.052925 0.058659 0.050139 0.055866 0.047354 0.033333 0.027933 0.019444 0.033333 0.030556 0.044568 0.013928 0.030556 0.044568 0.044568 0.000000 0.054131 0.050139 0.019444 0.038889 0.063889 0.036313 0.038889 0.030556 0.041667 0.044444 0.030556 0.030556 0.030556 0.055710 0.030556 0.030556 0.030556 0.030556 0.030641 0.044444 0.027778 0.050279 0.072829 0.061453 0.047222 0.052778 0.047222 0.047222 0.066092 0.044444 0.047222 0.058659 0.052925 0.050000 0.050000 0.052925 0.044444 0.047222 0.047222 0.058496 0.052778 0.052778 0.044444 0.092179 0.075209 0.067039 0.055556 0.047222 0.071749 0.063291 0.063889 0.047222 0.067039 0.108527 0.412371
