83
1.688.13C.X:15502532-15502725 0.000000 0.051546 0.020619 0.077320 0.015464 0.015464 0.046392 0.015464 0.015464 0.015464 0.020619 0.020619 0.056701 0.030928 0.051546 0.051546 0.020619 0.015464 0.020619 0.020619 0.061856 0.030928 0.051546 0.056701 0.030928 0.015464 0.051546 0.056701 0.025773 0.015464 0.056701 0.056701 0.025773 0.061856 0.025773 0.061856 0.056701 0.025773 0.025773 0.061856 0.015464 0.015464 0.020619 0.015464 0.025773 0.087629 0.015464 0.051546 0.025773 0.051546 0.020619 0.056701 0.015464 0.020619 0.025773 0.082474 0.051546 0.025773 0.015464 0.082474 0.020619 0.025773 0.051546 0.020619 0.015464 0.056701 0.087629 0.015464 0.082474 0.097938 0.056701 0.056701 0.144330 0.170103 0.423280 0.257732 0.046392 0.108247 0.087629 0.025773 0.020619 0.010309 0.020619
1.688.13C.X:15502726-15503085 0.051546 0.000000 0.048023 0.064246 0.050562 0.030986 0.036111 0.050562 0.030986 0.025352 0.033803 0.025352 0.061111 0.058989 0.019444 0.025210 0.033803 0.025352 0.053371 0.025352 0.063889 0.056180 0.019444 0.028011 0.066667 0.038889 0.014706 0.028011 0.061111 0.038889 0.017647 0.043353 0.061111 0.025000 0.069638 0.025000 0.028011 0.050562 0.050562 0.019444 0.038889 0.039326 0.028169 0.036111 0.028169 0.030641 0.044944 0.041667 0.042614 0.019943 0.025000 0.041667 0.044944 0.041667 0.042614 0.034286 0.041667 0.042373 0.019718 0.056657 0.025641 0.033803 0.055556 0.033333 0.028169 0.085044 0.025496 0.030986 0.094286 0.039773 0.112069 0.055710 0.061625 0.115607 0.402116 0.140762 0.073864 0.060000 0.068571 0.107345 0.022222 0.038889 0.022222
1.688.13C.X:15503092-15503445 0.020619 0.048023 0.000000 0.076271 0.036723 0.022599 0.042373 0.036723 0.022599 0.028249 0.025424 0.028249 0.093220 0.048023 0.050847 0.067797 0.025424 0.028249 0.036723 0.028249 0.096045 0.045198 0.050847 0.070621 0.062147 0.039548 0.047059 0.070621 0.056497 0.039548 0.050000 0.121387 0.056497 0.064972 0.064972 0.064972 0.070621 0.045198 0.045198 0.059322 0.039548 0.039548 0.031073 0.036723 0.031073 0.073446 0.039548 0.042373 0.048295 0.068376 0.025424 0.048023 0.039548 0.042373 0.048295 0.082857 0.042373 0.048023 0.028249 0.056657 0.031339 0.031073 0.062147 0.031073 0.025424 0.123167 0.067989 0.022599 0.100000 0.076705 0.100575 0.064972 0.098870 0.147399 0.338624 0.170088 0.068182 0.065714 0.080000 0.110169 0.028249 0.039548 0.028249
1.688.13C.X:15503446-15503803 0.077320 0.064246 0.076271 0.000000 0.078652 0.059155 0.027933 0.078652 0.059155 0.053521 0.061972 0.053521 0.089385 0.087079 0.072626 0.058824 0.061972 0.053521 0.081461 0.053521 0.092179 0.084270 0.072626 0.061625 0.089385 0.061453 0.076471 0.061625 0.083799 0.061453 0.079412 0.115607 0.083799 0.083799 0.064246 0.083799 0.061625 0.078652 0.078652 0.078212 0.061453 0.073034 0.061972 0.058659 0.061972 0.061453 0.073034 0.033520 0.076705 0.091168 0.047486 0.033520 0.073034 0.064246 0.076705 0.074286 0.064246 0.076271 0.053521 0.036827 0.054131 0.061972 0.064246 0.055866 0.056338 0.149560 0.059490 0.059155 0.122857 0.099432 0.129310 0.055866 0.081232 0.132948 0.423280 0.129032 0.102273 0.065714 0.071429 0.076271 0.044693 0.061453 0.044693
1.688.13C.X:15503810-15504165 0.015464 0.050562 0.036723 0.078652 0.000000 0.033803 0.044944 0.000000 0.033803 0.022535 0.036620 0.028169 0.106742 0.058989 0.050562 0.070225 0.036620 0.022535 0.056180 0.028169 0.109551 0.056180 0.050562 0.073034 0.073034 0.047753 0.044118 0.073034 0.067416 0.047753 0.047059 0.124277 0.067416 0.067416 0.070225 0.067416 0.073034 0.050562 0.050562 0.061798 0.047753 0.047753 0.036620 0.044944 0.036620 0.075843 0.044944 0.050562 0.051136 0.065527 0.033708 0.050562 0.044944 0.050562 0.051136 0.080000 0.050562 0.050847 0.028169 0.059490 0.028490 0.036620 0.064607 0.036517 0.030986 0.120235 0.065156 0.030986 0.097143 0.073864 0.158046 0.067416 0.103933 0.150289 0.338624 0.167155 0.073864 0.062857 0.094286 0.115819 0.030899 0.047753 0.030899
1.688.13C.X:15504172-15504526 0.015464 0.030986 0.022599 0.059155 0.033803 0.000000 0.025352 0.033803 0.000000 0.011268 0.002817 0.011268 0.081690 0.036620 0.033803 0.050704 0.002817 0.011268 0.019718 0.011268 0.084507 0.033803 0.033803 0.053521 0.050704 0.022535 0.029412 0.053521 0.045070 0.022535 0.032353 0.095376 0.045070 0.047887 0.047887 0.047887 0.053521 0.028169 0.028169 0.042254 0.022535 0.022535 0.014085 0.019718 0.014085 0.056338 0.022535 0.025352 0.028409 0.048433 0.008451 0.030986 0.022535 0.025352 0.028409 0.062857 0.025352 0.028249 0.011268 0.036827 0.011396 0.019718 0.045070 0.014085 0.014085 0.096774 0.048159 0.011268 0.080000 0.056818 0.097701 0.047887 0.081690 0.132948 0.402116 0.149560 0.053977 0.045714 0.091429 0.096045 0.011268 0.022535 0.011268
1.688.13C.X:15504527-15504886 0.046392 0.036111 0.042373 0.027933 0.044944 0.025352 0.000000 0.044944 0.025352 0.019718 0.028169 0.019718 0.091667 0.053371 0.044444 0.056022 0.028169 0.019718 0.047753 0.019718 0.094444 0.050562 0.044444 0.058824 0.061111 0.033333 0.041176 0.058824 0.055556 0.033333 0.044118 0.112717 0.055556 0.055556 0.064067 0.055556 0.058824 0.044944 0.044944 0.050000 0.033333 0.039326 0.028169 0.030556 0.028169 0.061281 0.039326 0.036111 0.042614 0.056980 0.019444 0.036111 0.039326 0.036111 0.042614 0.071429 0.036111 0.042373 0.019718 0.033994 0.019943 0.028169 0.050000 0.027778 0.022535 0.114370 0.056657 0.025352 0.088571 0.065341 0.106322 0.025070 0.061625 0.138728 0.402116 0.126100 0.068182 0.045714 0.100000 0.042373 0.016667 0.033333 0.016667
1.688.13C.X:15504893-15505248 0.015464 0.050562 0.036723 0.078652 0.000000 0.033803 0.044944 0.000000 0.033803 0.022535 0.036620 0.028169 0.106742 0.058989 0.050562 0.070225 0.036620 0.022535 0.056180 0.028169 0.109551 0.056180 0.050562 0.073034 0.073034 0.047753 0.044118 0.073034 0.067416 0.047753 0.047059 0.124277 0.067416 0.067416 0.070225 0.067416 0.073034 0.050562 0.050562 0.061798 0.047753 0.047753 0.036620 0.044944 0.036620 0.075843 0.044944 0.050562 0.051136 0.065527 0.033708 0.050562 0.044944 0.050562 0.051136 0.080000 0.050562 0.050847 0.028169 0.059490 0.028490 0.036620 0.064607 0.036517 0.030986 0.120235 0.065156 0.030986 0.097143 0.073864 0.158046 0.067416 0.103933 0.150289 0.338624 0.167155 0.073864 0.062857 0.094286 0.115819 0.030899 0.047753 0.030899
1.688.13C.X:15505255-15505609 0.015464 0.030986 0.022599 0.059155 0.033803 0.000000 0.025352 0.033803 0.000000 0.011268 0.002817 0.011268 0.081690 0.036620 0.033803 0.050704 0.002817 0.011268 0.019718 0.011268 0.084507 0.033803 0.033803 0.053521 0.050704 0.022535 0.029412 0.053521 0.045070 0.022535 0.032353 0.095376 0.045070 0.047887 0.047887 0.047887 0.053521 0.028169 0.028169 0.042254 0.022535 0.022535 0.014085 0.019718 0.014085 0.056338 0.022535 0.025352 0.028409 0.048433 0.008451 0.030986 0.022535 0.025352 0.028409 0.062857 0.025352 0.028249 0.011268 0.036827 0.011396 0.019718 0.045070 0.014085 0.014085 0.096774 0.048159 0.011268 0.080000 0.056818 0.097701 0.047887 0.081690 0.132948 0.402116 0.149560 0.053977 0.045714 0.091429 0.096045 0.011268 0.022535 0.011268
1.688.13C.X:15505616-15505970 0.015464 0.025352 0.028249 0.053521 0.022535 0.011268 0.019718 0.022535 0.011268 0.000000 0.014085 0.005634 0.081690 0.036620 0.025352 0.045070 0.014085 0.000000 0.030986 0.005634 0.084507 0.033803 0.025352 0.047887 0.050704 0.022535 0.020588 0.047887 0.045070 0.022535 0.023529 0.098266 0.045070 0.042254 0.047887 0.042254 0.047887 0.028169 0.028169 0.036620 0.022535 0.022535 0.014085 0.019718 0.014085 0.050704 0.022535 0.025352 0.028409 0.042735 0.008451 0.025352 0.022535 0.025352 0.028409 0.057143 0.025352 0.028249 0.005634 0.036827 0.005698 0.014085 0.039437 0.014085 0.008451 0.096774 0.042493 0.011268 0.074286 0.051136 0.091954 0.042254 0.081690 0.127168 0.402116 0.143695 0.053977 0.040000 0.085714 0.093220 0.005634 0.022535 0.005634
1.688.13C.X:15505977-15506331 0.020619 0.033803 0.025424 0.061972 0.036620 0.002817 0.028169 0.036620 0.002817 0.014085 0.000000 0.014085 0.084507 0.039437 0.036620 0.053521 0.000000 0.014085 0.016901 0.014085 0.087324 0.036620 0.036620 0.056338 0.053521 0.025352 0.032353 0.056338 0.047887 0.025352 0.035294 0.098266 0.047887 0.050704 0.050704 0.050704 0.056338 0.030986 0.030986 0.045070 0.025352 0.025352 0.016901 0.022535 0.016901 0.059155 0.025352 0.028169 0.031250 0.051282 0.011268 0.033803 0.025352 0.028169 0.031250 0.065714 0.028169 0.028249 0.014085 0.039660 0.014245 0.022535 0.047887 0.016901 0.016901 0.099707 0.050992 0.014085 0.082857 0.059659 0.100575 0.050704 0.081690 0.135838 0.402116 0.149560 0.056818 0.045714 0.094286 0.098870 0.014085 0.025352 0.014085
1.688.13C.X:15506338-15506692 0.020619 0.025352 0.028249 0.053521 0.028169 0.011268 0.019718 0.028169 0.011268 0.005634 0.014085 0.000000 0.081690 0.036620 0.030986 0.045070 0.014085 0.005634 0.030986 0.000000 0.084507 0.033803 0.030986 0.047887 0.050704 0.022535 0.026471 0.047887 0.045070 0.022535 0.029412 0.098266 0.045070 0.042254 0.047887 0.042254 0.047887 0.028169 0.028169 0.036620 0.022535 0.022535 0.014085 0.019718 0.014085 0.050704 0.022535 0.025352 0.028409 0.042735 0.008451 0.025352 0.022535 0.025352 0.028409 0.057143 0.025352 0.028249 0.005634 0.036827 0.005698 0.014085 0.039437 0.014085 0.008451 0.099707 0.042493 0.011268 0.074286 0.051136 0.091954 0.042254 0.081690 0.127168 0.338624 0.143695 0.053977 0.040000 0.085714 0.096045 0.005634 0.022535 0.005634
1.688.13C.X:15506693-15507053 0.056701 0.061111 0.093220 0.089385 0.106742 0.081690 0.091667 0.106742 0.081690 0.081690 0.084507 0.081690 0.000000 0.073034 0.069444 0.044818 0.084507 0.081690 0.067416 0.081690 0.002770 0.070225 0.069444 0.042017 0.049861 0.063712 0.050000 0.042017 0.044321 0.063712 0.052941 0.080925 0.049861 0.072222 0.061281 0.072222 0.047619 0.073034 0.073034 0.063889 0.063712 0.067416 0.078873 0.060942 0.084507 0.075209 0.067416 0.091667 0.099432 0.076923 0.077562 0.091667 0.067416 0.091667 0.099432 0.091429 0.091667 0.098870 0.081690 0.113314 0.076923 0.084507 0.113573 0.080332 0.078873 0.129032 0.070822 0.076056 0.151429 0.088068 0.152299 0.111421 0.106443 0.156069 0.407407 0.190616 0.119318 0.117143 0.088571 0.146893 0.080332 0.063712 0.080332
1.688.13C.X:15507060-15507415 0.030928 0.058989 0.048023 0.087079 0.058989 0.036620 0.053371 0.058989 0.036620 0.036620 0.039437 0.036620 0.073034 0.000000 0.056180 0.078652 0.039437 0.036620 0.022472 0.036620 0.075843 0.002809 0.056180 0.081461 0.030899 0.050562 0.032353 0.081461 0.025281 0.050562 0.035294 0.115607 0.019663 0.070225 0.058989 0.070225 0.081461 0.039326 0.039326 0.070225 0.050562 0.050562 0.039437 0.047753 0.028169 0.084270 0.044944 0.056180 0.051136 0.074074 0.039326 0.058989 0.044944 0.056180 0.051136 0.088571 0.047753 0.048023 0.036620 0.062323 0.037037 0.039437 0.067416 0.036517 0.033803 0.108504 0.073654 0.025352 0.100000 0.082386 0.114943 0.070225 0.101124 0.150289 0.402116 0.170088 0.068182 0.065714 0.117143 0.107345 0.039326 0.050562 0.039326
1.688.13C.X:15507416-15507775 0.051546 0.019444 0.050847 0.072626 0.050562 0.033803 0.044444 0.050562 0.033803 0.025352 0.036620 0.030986 0.069444 0.056180 0.000000 0.028011 0.036620 0.025352 0.056180 0.030986 0.072222 0.053371 0.000000 0.030812 0.072222 0.044444 0.000000 0.030812 0.066667 0.044444 0.002941 0.046243 0.061111 0.022222 0.058496 0.022222 0.030812 0.047753 0.047753 0.022222 0.044444 0.047753 0.036620 0.041667 0.030986 0.033426 0.047753 0.050000 0.053977 0.037037 0.033333 0.050000 0.047753 0.050000 0.053977 0.051429 0.041667 0.045198 0.030986 0.056657 0.028490 0.039437 0.058333 0.027778 0.033803 0.082111 0.031161 0.033803 0.094286 0.039773 0.112069 0.058496 0.056022 0.118497 0.396825 0.143695 0.076705 0.060000 0.074286 0.104520 0.030556 0.044444 0.030556
1.688.13C.X:15507778-15508134 0.051546 0.025210 0.067797 0.058824 0.070225 0.050704 0.056022 0.070225 0.050704 0.045070 0.053521 0.045070 0.044818 0.078652 0.028011 0.000000 0.053521 0.045070 0.073034 0.045070 0.047619 0.075843 0.028011 0.002801 0.086835 0.058824 0.032353 0.002801 0.081232 0.058824 0.035294 0.063584 0.081232 0.025210 0.044818 0.025210 0.002801 0.070225 0.070225 0.022409 0.058824 0.064607 0.053521 0.056022 0.053521 0.036415 0.064607 0.061625 0.068182 0.039886 0.044818 0.061625 0.064607 0.061625 0.068182 0.054286 0.061625 0.067797 0.045070 0.076487 0.042735 0.053521 0.075630 0.042017 0.047887 0.105572 0.033994 0.050704 0.114286 0.048295 0.117816 0.078431 0.078431 0.127168 0.402116 0.149560 0.093750 0.080000 0.045714 0.124294 0.042017 0.058824 0.042017
1.688.13C.X:15508141-15508495 0.020619 0.033803 0.025424 0.061972 0.036620 0.002817 0.028169 0.036620 0.002817 0.014085 0.000000 0.014085 0.084507 0.039437 0.036620 0.053521 0.000000 0.014085 0.016901 0.014085 0.087324 0.036620 0.036620 0.056338 0.053521 0.025352 0.032353 0.056338 0.047887 0.025352 0.035294 0.098266 0.047887 0.050704 0.050704 0.050704 0.056338 0.030986 0.030986 0.045070 0.025352 0.025352 0.016901 0.022535 0.016901 0.059155 0.025352 0.028169 0.031250 0.051282 0.011268 0.033803 0.025352 0.028169 0.031250 0.065714 0.028169 0.028249 0.014085 0.039660 0.014245 0.022535 0.047887 0.016901 0.016901 0.099707 0.050992 0.014085 0.082857 0.059659 0.100575 0.050704 0.081690 0.135838 0.402116 0.149560 0.056818 0.045714 0.094286 0.098870 0.014085 0.025352 0.014085
1.688.13C.X:15508502-15508856 0.015464 0.025352 0.028249 0.053521 0.022535 0.011268 0.019718 0.022535 0.011268 0.000000 0.014085 0.005634 0.081690 0.036620 0.025352 0.045070 0.014085 0.000000 0.030986 0.005634 0.084507 0.033803 0.025352 0.047887 0.050704 0.022535 0.020588 0.047887 0.045070 0.022535 0.023529 0.098266 0.045070 0.042254 0.047887 0.042254 0.047887 0.028169 0.028169 0.036620 0.022535 0.022535 0.014085 0.019718 0.014085 0.050704 0.022535 0.025352 0.028409 0.042735 0.008451 0.025352 0.022535 0.025352 0.028409 0.057143 0.025352 0.028249 0.005634 0.036827 0.005698 0.014085 0.039437 0.014085 0.008451 0.096774 0.042493 0.011268 0.074286 0.051136 0.091954 0.042254 0.081690 0.127168 0.402116 0.143695 0.053977 0.040000 0.085714 0.093220 0.005634 0.022535 0.005634
1.688.13C.X:15508863-15509218 0.020619 0.053371 0.036723 0.081461 0.056180 0.019718 0.047753 0.056180 0.019718 0.030986 0.016901 0.030986 0.067416 0.022472 0.056180 0.073034 0.016901 0.030986 0.000000 0.030986 0.070225 0.019663 0.056180 0.075843 0.036517 0.044944 0.032353 0.075843 0.030899 0.044944 0.035294 0.101156 0.030899 0.070225 0.070225 0.070225 0.075843 0.050562 0.050562 0.064607 0.044944 0.044944 0.033803 0.042135 0.033803 0.078652 0.044944 0.047753 0.048295 0.068376 0.030899 0.053371 0.044944 0.047753 0.048295 0.082857 0.047753 0.045198 0.030986 0.056657 0.031339 0.033803 0.067416 0.036517 0.028169 0.099707 0.067989 0.025352 0.100000 0.076705 0.109195 0.070225 0.101124 0.147399 0.333333 0.167155 0.068182 0.062857 0.111429 0.098870 0.033708 0.044944 0.033708
1.688.13C.X:15509225-15509579 0.020619 0.025352 0.028249 0.053521 0.028169 0.011268 0.019718 0.028169 0.011268 0.005634 0.014085 0.000000 0.081690 0.036620 0.030986 0.045070 0.014085 0.005634 0.030986 0.000000 0.084507 0.033803 0.030986 0.047887 0.050704 0.022535 0.026471 0.047887 0.045070 0.022535 0.029412 0.098266 0.045070 0.042254 0.047887 0.042254 0.047887 0.028169 0.028169 0.036620 0.022535 0.022535 0.014085 0.019718 0.014085 0.050704 0.022535 0.025352 0.028409 0.042735 0.008451 0.025352 0.022535 0.025352 0.028409 0.057143 0.025352 0.028249 0.005634 0.036827 0.005698 0.014085 0.039437 0.014085 0.008451 0.099707 0.042493 0.011268 0.074286 0.051136 0.091954 0.042254 0.081690 0.127168 0.338624 0.143695 0.053977 0.040000 0.085714 0.096045 0.005634 0.022535 0.005634
1.688.13C.X:15509580-15509940 0.061856 0.063889 0.096045 0.092179 0.109551 0.084507 0.094444 0.109551 0.084507 0.084507 0.087324 0.084507 0.002770 0.075843 0.072222 0.047619 0.087324 0.084507 0.070225 0.084507 0.000000 0.073034 0.072222 0.044818 0.052632 0.066482 0.052941 0.044818 0.047091 0.066482 0.055882 0.083815 0.052632 0.075000 0.064067 0.075000 0.050420 0.075843 0.075843 0.066667 0.066482 0.070225 0.081690 0.063712 0.087324 0.077994 0.070225 0.094444 0.102273 0.079772 0.080332 0.097222 0.070225 0.094444 0.102273 0.094286 0.094444 0.101695 0.084507 0.116147 0.079772 0.087324 0.116343 0.083102 0.081690 0.131965 0.073654 0.078873 0.154286 0.090909 0.155172 0.111421 0.106443 0.158960 0.412698 0.193548 0.122159 0.120000 0.091429 0.149718 0.085873 0.066482 0.083102
1.688.13C.X:15509947-15510302 0.030928 0.056180 0.045198 0.084270 0.056180 0.033803 0.050562 0.056180 0.033803 0.033803 0.036620 0.033803 0.070225 0.002809 0.053371 0.075843 0.036620 0.033803 0.019663 0.033803 0.073034 0.000000 0.053371 0.078652 0.028090 0.047753 0.029412 0.078652 0.022472 0.047753 0.032353 0.112717 0.016854 0.067416 0.056180 0.067416 0.078652 0.036517 0.036517 0.067416 0.047753 0.047753 0.036620 0.044944 0.025352 0.081461 0.042135 0.053371 0.048295 0.071225 0.036517 0.056180 0.042135 0.053371 0.048295 0.085714 0.044944 0.045198 0.033803 0.059490 0.034188 0.036620 0.064607 0.033708 0.030986 0.105572 0.070822 0.022535 0.097143 0.079545 0.112069 0.067416 0.098315 0.147399 0.402116 0.167155 0.065341 0.062857 0.114286 0.104520 0.036517 0.047753 0.036517
1.688.13C.X:15510303-15510662 0.051546 0.019444 0.050847 0.072626 0.050562 0.033803 0.044444 0.050562 0.033803 0.025352 0.036620 0.030986 0.069444 0.056180 0.000000 0.028011 0.036620 0.025352 0.056180 0.030986 0.072222 0.053371 0.000000 0.030812 0.072222 0.044444 0.000000 0.030812 0.066667 0.044444 0.002941 0.046243 0.061111 0.022222 0.058496 0.022222 0.030812 0.047753 0.047753 0.022222 0.044444 0.047753 0.036620 0.041667 0.030986 0.033426 0.047753 0.050000 0.053977 0.037037 0.033333 0.050000 0.047753 0.050000 0.053977 0.051429 0.041667 0.045198 0.030986 0.056657 0.028490 0.039437 0.058333 0.027778 0.033803 0.082111 0.031161 0.033803 0.094286 0.039773 0.112069 0.058496 0.056022 0.118497 0.396825 0.143695 0.076705 0.060000 0.074286 0.104520 0.030556 0.044444 0.030556
1.688.13C.X:15510665-15511021 0.056701 0.028011 0.070621 0.061625 0.073034 0.053521 0.058824 0.073034 0.053521 0.047887 0.056338 0.047887 0.042017 0.081461 0.030812 0.002801 0.056338 0.047887 0.075843 0.047887 0.044818 0.078652 0.030812 0.000000 0.084034 0.061625 0.035294 0.000000 0.078431 0.061625 0.038235 0.060694 0.084034 0.028011 0.047619 0.028011 0.005602 0.073034 0.073034 0.019608 0.061625 0.067416 0.050704 0.058824 0.056338 0.033613 0.067416 0.064426 0.071023 0.042735 0.047619 0.058824 0.067416 0.064426 0.071023 0.057143 0.064426 0.070621 0.047887 0.079320 0.039886 0.056338 0.078431 0.039216 0.050704 0.108504 0.031161 0.053521 0.117143 0.048295 0.120690 0.081232 0.075630 0.127168 0.407407 0.149560 0.096591 0.082857 0.048571 0.127119 0.044818 0.061625 0.044818
1.688.13C.X:15511022-15511384 0.030928 0.066667 0.062147 0.089385 0.073034 0.050704 0.061111 0.073034 0.050704 0.050704 0.053521 0.050704 0.049861 0.030899 0.072222 0.086835 0.053521 0.050704 0.036517 0.050704 0.052632 0.028090 0.072222 0.084034 0.000000 0.033149 0.052941 0.084034 0.005510 0.033149 0.055882 0.124277 0.011019 0.080556 0.047354 0.080556 0.089636 0.028090 0.028090 0.069444 0.033149 0.033708 0.047887 0.030387 0.047887 0.086351 0.028090 0.061111 0.062500 0.088319 0.047091 0.061111 0.028090 0.061111 0.062500 0.102857 0.061111 0.067797 0.050704 0.082153 0.045584 0.053521 0.083102 0.044321 0.047887 0.129032 0.082153 0.039437 0.120000 0.093750 0.163793 0.080780 0.098039 0.164740 0.349206 0.187683 0.082386 0.085714 0.131429 0.121469 0.049861 0.033149 0.049861
1.688.13C.X:15511385-15511746 0.015464 0.038889 0.039548 0.061453 0.047753 0.022535 0.033333 0.047753 0.022535 0.022535 0.025352 0.022535 0.063712 0.050562 0.044444 0.058824 0.025352 0.022535 0.044944 0.022535 0.066482 0.047753 0.044444 0.061625 0.033149 0.000000 0.041176 0.061625 0.027624 0.000000 0.044118 0.115607 0.027624 0.052778 0.030641 0.052778 0.061625 0.011236 0.011236 0.047222 0.000000 0.005618 0.025352 0.002762 0.025352 0.058496 0.005618 0.033333 0.039773 0.054131 0.019391 0.038889 0.005618 0.033333 0.039773 0.068571 0.033333 0.039548 0.022535 0.053824 0.022792 0.030986 0.055402 0.027701 0.025352 0.117302 0.059490 0.022535 0.091429 0.068182 0.152299 0.052925 0.084034 0.144509 0.402116 0.161290 0.065341 0.057143 0.102857 0.110169 0.022161 0.005525 0.022161
1.688.13C.X:15511795-15512134 0.051546 0.014706 0.047059 0.076471 0.044118 0.029412 0.041176 0.044118 0.029412 0.020588 0.032353 0.026471 0.050000 0.032353 0.000000 0.032353 0.032353 0.020588 0.032353 0.026471 0.052941 0.029412 0.000000 0.035294 0.052941 0.041176 0.000000 0.035294 0.047059 0.041176 0.002941 0.076471 0.041176 0.023529 0.058824 0.023529 0.035294 0.041176 0.041176 0.023529 0.041176 0.041176 0.032353 0.038235 0.026471 0.038235 0.041176 0.047059 0.058824 0.044118 0.029412 0.047059 0.041176 0.047059 0.058824 0.061765 0.038235 0.044118 0.026471 0.058824 0.026471 0.032353 0.055882 0.029412 0.026471 0.079412 0.035294 0.026471 0.105882 0.047059 0.117647 0.058824 0.067647 0.138235 0.396825 0.182353 0.079412 0.070588 0.088235 0.088235 0.026471 0.041176 0.026471
1.688.13C.X:15512137-15512493 0.056701 0.028011 0.070621 0.061625 0.073034 0.053521 0.058824 0.073034 0.053521 0.047887 0.056338 0.047887 0.042017 0.081461 0.030812 0.002801 0.056338 0.047887 0.075843 0.047887 0.044818 0.078652 0.030812 0.000000 0.084034 0.061625 0.035294 0.000000 0.078431 0.061625 0.038235 0.060694 0.084034 0.028011 0.047619 0.028011 0.005602 0.073034 0.073034 0.019608 0.061625 0.067416 0.050704 0.058824 0.056338 0.033613 0.067416 0.064426 0.071023 0.042735 0.047619 0.058824 0.067416 0.064426 0.071023 0.057143 0.064426 0.070621 0.047887 0.079320 0.039886 0.056338 0.078431 0.039216 0.050704 0.108504 0.031161 0.053521 0.117143 0.048295 0.120690 0.081232 0.075630 0.127168 0.407407 0.149560 0.096591 0.082857 0.048571 0.127119 0.044818 0.061625 0.044818
1.688.13C.X:15512494-15512856 0.025773 0.061111 0.056497 0.083799 0.067416 0.045070 0.055556 0.067416 0.045070 0.045070 0.047887 0.045070 0.044321 0.025281 0.066667 0.081232 0.047887 0.045070 0.030899 0.045070 0.047091 0.022472 0.066667 0.078431 0.005510 0.027624 0.047059 0.078431 0.000000 0.027624 0.050000 0.118497 0.005510 0.080556 0.041783 0.080556 0.084034 0.022472 0.022472 0.069444 0.027624 0.028090 0.042254 0.024862 0.042254 0.080780 0.022472 0.055556 0.056818 0.082621 0.041551 0.055556 0.022472 0.055556 0.056818 0.097143 0.055556 0.062147 0.045070 0.076487 0.039886 0.047887 0.077562 0.038781 0.042254 0.123167 0.076487 0.033803 0.114286 0.088068 0.158046 0.075209 0.092437 0.158960 0.343915 0.181818 0.076705 0.080000 0.125714 0.115819 0.044321 0.027624 0.044321
1.688.13C.X:15512857-15513218 0.015464 0.038889 0.039548 0.061453 0.047753 0.022535 0.033333 0.047753 0.022535 0.022535 0.025352 0.022535 0.063712 0.050562 0.044444 0.058824 0.025352 0.022535 0.044944 0.022535 0.066482 0.047753 0.044444 0.061625 0.033149 0.000000 0.041176 0.061625 0.027624 0.000000 0.044118 0.115607 0.027624 0.052778 0.030641 0.052778 0.061625 0.011236 0.011236 0.047222 0.000000 0.005618 0.025352 0.002762 0.025352 0.058496 0.005618 0.033333 0.039773 0.054131 0.019391 0.038889 0.005618 0.033333 0.039773 0.068571 0.033333 0.039548 0.022535 0.053824 0.022792 0.030986 0.055402 0.027701 0.025352 0.117302 0.059490 0.022535 0.091429 0.068182 0.152299 0.052925 0.084034 0.144509 0.402116 0.161290 0.065341 0.057143 0.102857 0.110169 0.022161 0.005525 0.022161
1.688.13C.X:15513267-15513606 0.056701 0.017647 0.050000 0.079412 0.047059 0.032353 0.044118 0.047059 0.032353 0.023529 0.035294 0.029412 0.052941 0.035294 0.002941 0.035294 0.035294 0.023529 0.035294 0.029412 0.055882 0.032353 0.002941 0.038235 0.055882 0.044118 0.002941 0.038235 0.050000 0.044118 0.000000 0.079412 0.044118 0.026471 0.061765 0.026471 0.038235 0.044118 0.044118 0.026471 0.044118 0.044118 0.035294 0.041176 0.029412 0.041176 0.044118 0.050000 0.061765 0.047059 0.032353 0.050000 0.044118 0.050000 0.061765 0.064706 0.041176 0.047059 0.029412 0.061765 0.029412 0.035294 0.058824 0.032353 0.029412 0.082353 0.038235 0.029412 0.108824 0.050000 0.120588 0.061765 0.070588 0.141176 0.402116 0.185294 0.082353 0.073529 0.091176 0.091176 0.029412 0.044118 0.029412
1.688.13C.X:15513609-15513954 0.056701 0.043353 0.121387 0.115607 0.124277 0.095376 0.112717 0.124277 0.095376 0.098266 0.098266 0.098266 0.080925 0.115607 0.046243 0.063584 0.098266 0.098266 0.101156 0.098266 0.083815 0.112717 0.046243 0.060694 0.124277 0.115607 0.076471 0.060694 0.118497 0.115607 0.079412 0.000000 0.124277 0.043353 0.109827 0.043353 0.066474 0.121387 0.121387 0.034682 0.115607 0.115607 0.104046 0.112717 0.106936 0.095376 0.115607 0.118497 0.101156 0.075145 0.101156 0.112717 0.115607 0.080925 0.101156 0.092486 0.118497 0.106936 0.098266 0.135838 0.095376 0.104046 0.132948 0.101156 0.098266 0.067449 0.092486 0.101156 0.167630 0.112717 0.144509 0.121387 0.138728 0.184971 0.407407 0.178886 0.138728 0.147399 0.104046 0.072254 0.098266 0.115607 0.098266
1.688.13C.X:15513955-15514317 0.025773 0.061111 0.056497 0.083799 0.067416 0.045070 0.055556 0.067416 0.045070 0.045070 0.047887 0.045070 0.049861 0.019663 0.061111 0.081232 0.047887 0.045070 0.030899 0.045070 0.052632 0.016854 0.061111 0.084034 0.011019 0.027624 0.041176 0.084034 0.005510 0.027624 0.044118 0.124277 0.000000 0.075000 0.036212 0.075000 0.084034 0.016854 0.016854 0.075000 0.027624 0.028090 0.047887 0.024862 0.036620 0.086351 0.022472 0.058333 0.059659 0.082621 0.044321 0.061111 0.022472 0.058333 0.059659 0.097143 0.050000 0.056497 0.045070 0.070822 0.045584 0.047887 0.072022 0.044321 0.042254 0.117302 0.082153 0.033803 0.108571 0.090909 0.158046 0.069638 0.098039 0.158960 0.402116 0.181818 0.076705 0.074286 0.125714 0.115819 0.044321 0.027624 0.044321
1.688.13C.X:15514318-15514677 0.061856 0.025000 0.064972 0.083799 0.067416 0.047887 0.055556 0.067416 0.047887 0.042254 0.050704 0.042254 0.072222 0.070225 0.022222 0.025210 0.050704 0.042254 0.070225 0.042254 0.075000 0.067416 0.022222 0.028011 0.080556 0.052778 0.023529 0.028011 0.080556 0.052778 0.026471 0.043353 0.075000 0.000000 0.072423 0.000000 0.028011 0.061798 0.061798 0.008333 0.052778 0.061798 0.050704 0.055556 0.045070 0.025070 0.061798 0.063889 0.068182 0.028490 0.047222 0.061111 0.061798 0.063889 0.068182 0.042857 0.055556 0.059322 0.042254 0.067989 0.039886 0.050704 0.069444 0.041667 0.045070 0.096774 0.028329 0.047887 0.105714 0.042614 0.123563 0.069638 0.070028 0.130058 0.402116 0.140762 0.090909 0.071429 0.071429 0.121469 0.041667 0.058333 0.041667
1.688.13C.X:15514680-15515038 0.025773 0.069638 0.064972 0.064246 0.070225 0.047887 0.064067 0.070225 0.047887 0.047887 0.050704 0.047887 0.061281 0.058989 0.058496 0.044818 0.050704 0.047887 0.070225 0.047887 0.064067 0.056180 0.058496 0.047619 0.047354 0.030641 0.058824 0.047619 0.041783 0.030641 0.061765 0.109827 0.036212 0.072423 0.000000 0.072423 0.047619 0.019663 0.019663 0.072423 0.030641 0.030899 0.050704 0.027855 0.039437 0.086351 0.025281 0.066852 0.062500 0.085470 0.050139 0.069638 0.025281 0.066852 0.062500 0.100000 0.058496 0.059322 0.047887 0.073654 0.045584 0.056338 0.077994 0.038997 0.050704 0.134897 0.079320 0.042254 0.111429 0.088068 0.158046 0.080780 0.098039 0.158960 0.402116 0.178886 0.085227 0.077143 0.091429 0.132768 0.050139 0.030641 0.050139
1.688.13C.X:15515039-15515398 0.061856 0.025000 0.064972 0.083799 0.067416 0.047887 0.055556 0.067416 0.047887 0.042254 0.050704 0.042254 0.072222 0.070225 0.022222 0.025210 0.050704 0.042254 0.070225 0.042254 0.075000 0.067416 0.022222 0.028011 0.080556 0.052778 0.023529 0.028011 0.080556 0.052778 0.026471 0.043353 0.075000 0.000000 0.072423 0.000000 0.028011 0.061798 0.061798 0.008333 0.052778 0.061798 0.050704 0.055556 0.045070 0.025070 0.061798 0.063889 0.068182 0.028490 0.047222 0.061111 0.061798 0.063889 0.068182 0.042857 0.055556 0.059322 0.042254 0.067989 0.039886 0.050704 0.069444 0.041667 0.045070 0.096774 0.028329 0.047887 0.105714 0.042614 0.123563 0.069638 0.070028 0.130058 0.402116 0.140762 0.090909 0.071429 0.071429 0.121469 0.041667 0.058333 0.041667
1.688.13C.X:15515401-15515757 0.056701 0.028011 0.070621 0.061625 0.073034 0.053521 0.058824 0.073034 0.053521 0.047887 0.056338 0.047887 0.047619 0.081461 0.030812 0.002801 0.056338 0.047887 0.075843 0.047887 0.050420 0.078652 0.030812 0.005602 0.089636 0.061625 0.035294 0.005602 0.084034 0.061625 0.038235 0.066474 0.084034 0.028011 0.047619 0.028011 0.000000 0.073034 0.073034 0.025210 0.061625 0.067416 0.056338 0.058824 0.056338 0.039216 0.067416 0.064426 0.071023 0.042735 0.047619 0.064426 0.067416 0.064426 0.071023 0.057143 0.064426 0.070621 0.047887 0.079320 0.045584 0.056338 0.078431 0.044818 0.050704 0.108504 0.036827 0.053521 0.117143 0.051136 0.120690 0.081232 0.081232 0.130058 0.391534 0.152493 0.096591 0.082857 0.048571 0.127119 0.044818 0.061625 0.044818
1.688.13C.X:15515764-15516119 0.025773 0.050562 0.045198 0.078652 0.050562 0.028169 0.044944 0.050562 0.028169 0.028169 0.030986 0.028169 0.073034 0.039326 0.047753 0.070225 0.030986 0.028169 0.050562 0.028169 0.075843 0.036517 0.047753 0.073034 0.028090 0.011236 0.041176 0.073034 0.022472 0.011236 0.044118 0.121387 0.016854 0.061798 0.019663 0.061798 0.073034 0.000000 0.000000 0.061798 0.011236 0.011236 0.030986 0.008427 0.019718 0.075843 0.005618 0.047753 0.042614 0.065527 0.030899 0.050562 0.005618 0.047753 0.042614 0.080000 0.039326 0.039548 0.028169 0.053824 0.028490 0.036620 0.058989 0.028090 0.030986 0.117302 0.065156 0.022535 0.091429 0.073864 0.158046 0.061798 0.092697 0.147399 0.402116 0.164223 0.065341 0.057143 0.108571 0.115819 0.030899 0.011236 0.030899
1.688.13C.X:15516126-15516481 0.025773 0.050562 0.045198 0.078652 0.050562 0.028169 0.044944 0.050562 0.028169 0.028169 0.030986 0.028169 0.073034 0.039326 0.047753 0.070225 0.030986 0.028169 0.050562 0.028169 0.075843 0.036517 0.047753 0.073034 0.028090 0.011236 0.041176 0.073034 0.022472 0.011236 0.044118 0.121387 0.016854 0.061798 0.019663 0.061798 0.073034 0.000000 0.000000 0.061798 0.011236 0.011236 0.030986 0.008427 0.019718 0.075843 0.005618 0.047753 0.042614 0.065527 0.030899 0.050562 0.005618 0.047753 0.042614 0.080000 0.039326 0.039548 0.028169 0.053824 0.028490 0.036620 0.058989 0.028090 0.030986 0.117302 0.065156 0.022535 0.091429 0.073864 0.158046 0.061798 0.092697 0.147399 0.402116 0.164223 0.065341 0.057143 0.108571 0.115819 0.030899 0.011236 0.030899
1.688.13C.X:15516482-15516841 0.061856 0.019444 0.059322 0.078212 0.061798 0.042254 0.050000 0.061798 0.042254 0.036620 0.045070 0.036620 0.063889 0.070225 0.022222 0.022409 0.045070 0.036620 0.064607 0.036620 0.066667 0.067416 0.022222 0.019608 0.069444 0.047222 0.023529 0.019608 0.069444 0.047222 0.026471 0.034682 0.075000 0.008333 0.072423 0.008333 0.025210 0.061798 0.061798 0.000000 0.047222 0.056180 0.039437 0.050000 0.045070 0.016713 0.056180 0.055556 0.059659 0.025641 0.038889 0.050000 0.056180 0.055556 0.059659 0.040000 0.055556 0.059322 0.036620 0.067989 0.028490 0.045070 0.069444 0.030556 0.039437 0.096774 0.019830 0.042254 0.105714 0.036932 0.117816 0.069638 0.058824 0.124277 0.412698 0.137830 0.085227 0.071429 0.068571 0.115819 0.036111 0.052778 0.036111
1.688.13C.X:15516842-15517203 0.015464 0.038889 0.039548 0.061453 0.047753 0.022535 0.033333 0.047753 0.022535 0.022535 0.025352 0.022535 0.063712 0.050562 0.044444 0.058824 0.025352 0.022535 0.044944 0.022535 0.066482 0.047753 0.044444 0.061625 0.033149 0.000000 0.041176 0.061625 0.027624 0.000000 0.044118 0.115607 0.027624 0.052778 0.030641 0.052778 0.061625 0.011236 0.011236 0.047222 0.000000 0.005618 0.025352 0.002762 0.025352 0.058496 0.005618 0.033333 0.039773 0.054131 0.019391 0.038889 0.005618 0.033333 0.039773 0.068571 0.033333 0.039548 0.022535 0.053824 0.022792 0.030986 0.055402 0.027701 0.025352 0.117302 0.059490 0.022535 0.091429 0.068182 0.152299 0.052925 0.084034 0.144509 0.402116 0.161290 0.065341 0.057143 0.102857 0.110169 0.022161 0.005525 0.022161
1.688.13C.X:15517210-15517565 0.015464 0.039326 0.039548 0.073034 0.047753 0.022535 0.039326 0.047753 0.022535 0.022535 0.025352 0.022535 0.067416 0.050562 0.047753 0.064607 0.025352 0.022535 0.044944 0.022535 0.070225 0.047753 0.047753 0.067416 0.033708 0.005618 0.041176 0.067416 0.028090 0.005618 0.044118 0.115607 0.028090 0.061798 0.030899 0.061798 0.067416 0.011236 0.011236 0.056180 0.005618 0.000000 0.019718 0.002809 0.019718 0.070225 0.005618 0.039326 0.034091 0.054131 0.022472 0.044944 0.005618 0.039326 0.034091 0.068571 0.039326 0.033898 0.016901 0.053824 0.022792 0.030986 0.058989 0.028090 0.025352 0.114370 0.059490 0.022535 0.091429 0.068182 0.152299 0.061798 0.095506 0.144509 0.402116 0.161290 0.065341 0.057143 0.102857 0.107345 0.025281 0.005618 0.025281
1.688.13C.X:15517572-15517926 0.020619 0.028169 0.031073 0.061972 0.036620 0.014085 0.028169 0.036620 0.014085 0.014085 0.016901 0.014085 0.078873 0.039437 0.036620 0.053521 0.016901 0.014085 0.033803 0.014085 0.081690 0.036620 0.036620 0.050704 0.047887 0.025352 0.032353 0.050704 0.042254 0.025352 0.035294 0.104046 0.047887 0.050704 0.050704 0.050704 0.056338 0.030986 0.030986 0.039437 0.025352 0.019718 0.000000 0.022535 0.011268 0.053521 0.025352 0.028169 0.025568 0.045584 0.011268 0.028169 0.025352 0.028169 0.025568 0.060000 0.028169 0.025424 0.008451 0.045326 0.008547 0.022535 0.047887 0.011268 0.016901 0.102639 0.045326 0.014085 0.074286 0.056818 0.097701 0.050704 0.078873 0.124277 0.338624 0.149560 0.056818 0.048571 0.094286 0.098870 0.014085 0.025352 0.014085
1.688.13C.X:15517927-15518288 0.015464 0.036111 0.036723 0.058659 0.044944 0.019718 0.030556 0.044944 0.019718 0.019718 0.022535 0.019718 0.060942 0.047753 0.041667 0.056022 0.022535 0.019718 0.042135 0.019718 0.063712 0.044944 0.041667 0.058824 0.030387 0.002762 0.038235 0.058824 0.024862 0.002762 0.041176 0.112717 0.024862 0.055556 0.027855 0.055556 0.058824 0.008427 0.008427 0.050000 0.002762 0.002809 0.022535 0.000000 0.022535 0.061281 0.002809 0.030556 0.036932 0.056980 0.016620 0.036111 0.002809 0.030556 0.036932 0.071429 0.030556 0.036723 0.019718 0.050992 0.019943 0.028169 0.052632 0.024931 0.022535 0.114370 0.056657 0.019718 0.088571 0.065341 0.149425 0.050139 0.081232 0.141618 0.402116 0.158358 0.062500 0.054286 0.100000 0.107345 0.019391 0.002762 0.019391
1.688.13C.X:15518295-15518649 0.025773 0.028169 0.031073 0.061972 0.036620 0.014085 0.028169 0.036620 0.014085 0.014085 0.016901 0.014085 0.084507 0.028169 0.030986 0.053521 0.016901 0.014085 0.033803 0.014085 0.087324 0.025352 0.030986 0.056338 0.047887 0.025352 0.026471 0.056338 0.042254 0.025352 0.029412 0.106936 0.036620 0.045070 0.039437 0.045070 0.056338 0.019718 0.019718 0.045070 0.025352 0.019718 0.011268 0.022535 0.000000 0.059155 0.025352 0.030986 0.022727 0.045584 0.014085 0.033803 0.025352 0.030986 0.022727 0.060000 0.022535 0.019774 0.008451 0.039660 0.014245 0.022535 0.042254 0.016901 0.016901 0.099707 0.050992 0.014085 0.077143 0.059659 0.100575 0.045070 0.081690 0.132948 0.402116 0.149560 0.056818 0.042857 0.094286 0.098870 0.014085 0.025352 0.014085
1.688.13C.X:15518650-15519008 0.087629 0.030641 0.073446 0.061453 0.075843 0.056338 0.061281 0.075843 0.056338 0.050704 0.059155 0.050704 0.075209 0.084270 0.033426 0.036415 0.059155 0.050704 0.078652 0.050704 0.077994 0.081461 0.033426 0.033613 0.086351 0.058496 0.038235 0.033613 0.080780 0.058496 0.041176 0.095376 0.086351 0.025070 0.086351 0.025070 0.039216 0.075843 0.075843 0.016713 0.058496 0.070225 0.053521 0.061281 0.059155 0.000000 0.070225 0.036212 0.073864 0.039886 0.050139 0.030641 0.070225 0.066852 0.073864 0.022857 0.066852 0.073446 0.050704 0.050992 0.042735 0.059155 0.066852 0.041783 0.053521 0.111437 0.002833 0.056338 0.120000 0.051136 0.132184 0.077994 0.058824 0.112717 0.428571 0.120235 0.099432 0.065714 0.051429 0.129944 0.047354 0.064067 0.047354
1.688.13C.X:15519015-15519370 0.015464 0.044944 0.039548 0.073034 0.044944 0.022535 0.039326 0.044944 0.022535 0.022535 0.025352 0.022535 0.067416 0.044944 0.047753 0.064607 0.025352 0.022535 0.044944 0.022535 0.070225 0.042135 0.047753 0.067416 0.028090 0.005618 0.041176 0.067416 0.022472 0.005618 0.044118 0.115607 0.022472 0.061798 0.025281 0.061798 0.067416 0.005618 0.005618 0.056180 0.005618 0.005618 0.025352 0.002809 0.025352 0.070225 0.000000 0.039326 0.039773 0.059829 0.022472 0.044944 0.000000 0.039326 0.039773 0.074286 0.039326 0.039548 0.022535 0.053824 0.022792 0.030986 0.058989 0.022472 0.025352 0.117302 0.059490 0.016901 0.091429 0.068182 0.152299 0.061798 0.089888 0.144509 0.402116 0.161290 0.059659 0.057143 0.102857 0.110169 0.025281 0.005618 0.025281
1.688.13C.X:15519371-15519730 0.051546 0.041667 0.042373 0.033520 0.050562 0.025352 0.036111 0.050562 0.025352 0.025352 0.028169 0.025352 0.091667 0.056180 0.050000 0.061625 0.028169 0.025352 0.047753 0.025352 0.094444 0.053371 0.050000 0.064426 0.061111 0.033333 0.047059 0.064426 0.055556 0.033333 0.050000 0.118497 0.058333 0.063889 0.066852 0.063889 0.064426 0.047753 0.047753 0.055556 0.033333 0.039326 0.028169 0.030556 0.030986 0.036212 0.039326 0.000000 0.036932 0.062678 0.013889 0.011111 0.039326 0.030556 0.036932 0.045714 0.038889 0.045198 0.025352 0.028329 0.025641 0.033803 0.044444 0.027778 0.028169 0.123167 0.031161 0.025352 0.097143 0.071023 0.112069 0.052925 0.072829 0.121387 0.433862 0.134897 0.068182 0.042857 0.074286 0.045198 0.022222 0.033333 0.022222
1.688.13C.X:15519737-15520088 0.025773 0.042614 0.048295 0.076705 0.051136 0.028409 0.042614 0.051136 0.028409 0.028409 0.031250 0.028409 0.099432 0.051136 0.053977 0.068182 0.031250 0.028409 0.048295 0.028409 0.102273 0.048295 0.053977 0.071023 0.062500 0.039773 0.058824 0.071023 0.056818 0.039773 0.061765 0.101156 0.059659 0.068182 0.062500 0.068182 0.071023 0.042614 0.042614 0.059659 0.039773 0.034091 0.025568 0.036932 0.022727 0.073864 0.039773 0.036932 0.000000 0.031339 0.019886 0.048295 0.039773 0.036932 0.000000 0.045714 0.045455 0.028409 0.022727 0.068182 0.037037 0.036932 0.062500 0.031250 0.031250 0.099707 0.071023 0.028409 0.091429 0.082386 0.091954 0.051136 0.096591 0.141618 0.349206 0.161290 0.062500 0.074286 0.100000 0.045455 0.028409 0.039773 0.028409
1.688.13C.X:15520095-15520445 0.051546 0.019943 0.068376 0.091168 0.065527 0.048433 0.056980 0.065527 0.048433 0.042735 0.051282 0.042735 0.076923 0.074074 0.037037 0.039886 0.051282 0.042735 0.068376 0.042735 0.079772 0.071225 0.037037 0.042735 0.088319 0.054131 0.044118 0.042735 0.082621 0.054131 0.047059 0.075145 0.082621 0.028490 0.085470 0.028490 0.042735 0.065527 0.065527 0.025641 0.054131 0.054131 0.045584 0.056980 0.045584 0.039886 0.059829 0.062678 0.031339 0.000000 0.045584 0.062678 0.059829 0.062678 0.031339 0.014286 0.062678 0.045584 0.037037 0.079772 0.054131 0.051282 0.074074 0.051282 0.045584 0.082111 0.042735 0.048433 0.105714 0.059829 0.109195 0.062678 0.088319 0.127168 0.402116 0.146628 0.082621 0.088571 0.074286 0.062678 0.042735 0.059829 0.042735
1.688.13C.X:15520446-15520806 0.020619 0.025000 0.025424 0.047486 0.033708 0.008451 0.019444 0.033708 0.008451 0.008451 0.011268 0.008451 0.077562 0.039326 0.033333 0.044818 0.011268 0.008451 0.030899 0.008451 0.080332 0.036517 0.033333 0.047619 0.047091 0.019391 0.029412 0.047619 0.041551 0.019391 0.032353 0.101156 0.044321 0.047222 0.050139 0.047222 0.047619 0.030899 0.030899 0.038889 0.019391 0.022472 0.011268 0.016620 0.014085 0.050139 0.022472 0.013889 0.019886 0.045584 0.000000 0.025000 0.022472 0.013889 0.019886 0.060000 0.022222 0.028249 0.008451 0.042493 0.008547 0.016901 0.044321 0.013850 0.011268 0.105572 0.045326 0.008451 0.080000 0.053977 0.094828 0.041783 0.070028 0.130058 0.343915 0.149560 0.051136 0.045714 0.088571 0.096045 0.008310 0.019391 0.008310
