37
1.688.14A.X:16052858-16053088 0.000000 0.138528 0.138528 0.112554 0.108225 0.186147 0.160173 0.099567 0.095238 0.103896 0.086580 0.099567 0.086580 0.099567 0.099567 0.103896 0.099567 0.090909 0.086580 0.099567 0.090909 0.082251 0.086580 0.095238 0.086580 0.095238 0.099567 0.095238 0.095238 0.086580 0.099567 0.116883 0.121212 0.095238 0.090909 0.099567 0.596413
1.688.14A.X:16053089-16053447 0.138528 0.000000 0.224784 0.212291 0.166197 0.225714 0.167131 0.158774 0.220630 0.133705 0.165644 0.133705 0.232092 0.153203 0.136490 0.224138 0.130919 0.218391 0.144847 0.189266 0.207283 0.153203 0.144847 0.183099 0.204482 0.183099 0.212885 0.158774 0.235127 0.170868 0.236152 0.155989 0.158774 0.155989 0.216763 0.239884 0.331839
1.688.14A.X:16053448-16053794 0.138528 0.224784 0.000000 0.175793 0.210375 0.141210 0.216138 0.195965 0.112392 0.164265 0.116564 0.161383 0.103746 0.146974 0.164265 0.106628 0.161383 0.097983 0.144092 0.126801 0.149856 0.155620 0.144092 0.152738 0.152738 0.152738 0.155620 0.158501 0.106628 0.149856 0.113703 0.164265 0.167147 0.155620 0.115607 0.118497 0.152466
1.688.14A.X:16053795-16054152 0.112554 0.212291 0.175793 0.000000 0.160563 0.180000 0.142458 0.100559 0.123209 0.097765 0.073620 0.097765 0.126074 0.078212 0.100559 0.129310 0.094972 0.120690 0.075419 0.110169 0.109244 0.092179 0.075419 0.101408 0.112045 0.101408 0.114846 0.094972 0.093484 0.095238 0.122449 0.097765 0.100559 0.092179 0.121387 0.127168 0.116592
1.688.14A.X:16054153-16054507 0.108225 0.166197 0.210375 0.160563 0.000000 0.160000 0.163380 0.118310 0.157593 0.090141 0.104294 0.084507 0.151862 0.112676 0.087324 0.152299 0.087324 0.143678 0.104225 0.121469 0.132394 0.121127 0.104225 0.118310 0.129577 0.118310 0.138028 0.129577 0.113314 0.112676 0.157434 0.121127 0.123944 0.126761 0.141618 0.156069 0.197309
1.688.14A.X:16054508-16054857 0.186147 0.225714 0.141210 0.180000 0.160000 0.000000 0.228571 0.225714 0.137536 0.197143 0.144172 0.194286 0.126074 0.188571 0.197143 0.143678 0.194286 0.129310 0.185714 0.140000 0.145714 0.188571 0.185714 0.128571 0.148571 0.128571 0.151429 0.191429 0.145714 0.137143 0.183673 0.168571 0.171429 0.191429 0.147399 0.144509 0.170404
1.688.14A.X:16054858-16055219 0.160173 0.167131 0.216138 0.142458 0.163380 0.228571 0.000000 0.111111 0.151862 0.113260 0.085890 0.113260 0.163324 0.074792 0.116022 0.155172 0.110497 0.149425 0.077562 0.161017 0.128852 0.099723 0.077562 0.098592 0.131653 0.098592 0.128852 0.099723 0.150142 0.109244 0.148688 0.102778 0.100000 0.096953 0.156069 0.167630 0.233184
1.688.14A.X:16055220-16055579 0.099567 0.158774 0.195965 0.100559 0.118310 0.225714 0.111111 0.000000 0.131805 0.033333 0.073620 0.027778 0.140401 0.072222 0.030556 0.135057 0.030556 0.126437 0.063889 0.104520 0.114846 0.080556 0.063889 0.095775 0.112045 0.095775 0.120448 0.088889 0.147309 0.089636 0.145773 0.075000 0.077778 0.086111 0.118497 0.138728 0.219731
1.688.14A.X:16055580-16055928 0.095238 0.220630 0.112392 0.123209 0.157593 0.137536 0.151862 0.131805 0.000000 0.100287 0.033742 0.097421 0.034384 0.083095 0.100287 0.020115 0.097421 0.022989 0.080229 0.106017 0.088825 0.083095 0.080229 0.088825 0.091691 0.088825 0.094556 0.080229 0.060172 0.057307 0.090379 0.097421 0.100287 0.080229 0.057803 0.057803 0.089686
1.688.14A.X:16055929-16056290 0.103896 0.133705 0.164265 0.097765 0.090141 0.197143 0.113260 0.033333 0.100287 0.000000 0.036810 0.005525 0.051576 0.036011 0.008287 0.103448 0.002762 0.094828 0.033241 0.124294 0.089636 0.049861 0.033241 0.112676 0.086835 0.112676 0.095238 0.058172 0.116147 0.058824 0.113703 0.041667 0.044444 0.055402 0.092486 0.112717 0.076233
1.688.14A.X:16056303-16056628 0.086580 0.165644 0.116564 0.073620 0.104294 0.144172 0.085890 0.073620 0.033742 0.036810 0.000000 0.036810 0.042945 0.009202 0.039877 0.039877 0.033742 0.030675 0.000000 0.042945 0.027607 0.021472 0.000000 0.024540 0.024540 0.024540 0.033742 0.030675 0.030675 0.036810 0.039877 0.030675 0.033742 0.030675 0.036810 0.055215 0.188341
1.688.14A.X:16056629-16056990 0.099567 0.133705 0.161383 0.097765 0.084507 0.194286 0.113260 0.027778 0.097421 0.005525 0.036810 0.000000 0.048711 0.041551 0.002762 0.100575 0.002762 0.091954 0.033241 0.121469 0.081232 0.049861 0.033241 0.109859 0.078431 0.109859 0.086835 0.058172 0.113314 0.056022 0.110787 0.041667 0.044444 0.055402 0.083815 0.104046 0.076233
1.688.14A.X:16056991-16057339 0.086580 0.232092 0.103746 0.126074 0.151862 0.126074 0.163324 0.140401 0.034384 0.051576 0.042945 0.048711 0.000000 0.091691 0.051576 0.048851 0.048711 0.034483 0.088825 0.097421 0.085960 0.088825 0.088825 0.080229 0.088825 0.080229 0.091691 0.091691 0.031519 0.080229 0.084548 0.048711 0.051576 0.094556 0.046243 0.040462 0.049327
1.688.14A.X:16057340-16057700 0.099567 0.153203 0.146974 0.078212 0.112676 0.188571 0.074792 0.072222 0.083095 0.036011 0.009202 0.041551 0.091691 0.000000 0.044321 0.086207 0.038781 0.077586 0.008310 0.042373 0.058824 0.030471 0.008310 0.076056 0.061625 0.076056 0.058824 0.033241 0.079320 0.042017 0.075802 0.033333 0.030556 0.030471 0.083815 0.095376 0.067265
1.688.14A.X:16057701-16058062 0.099567 0.136490 0.164265 0.100559 0.087324 0.197143 0.116022 0.030556 0.100287 0.008287 0.039877 0.002762 0.051576 0.044321 0.000000 0.103448 0.005525 0.094828 0.036011 0.124294 0.084034 0.052632 0.036011 0.112676 0.081232 0.112676 0.089636 0.060942 0.116147 0.058824 0.113703 0.044444 0.047222 0.058172 0.086705 0.106936 0.080717
1.688.14A.X:16058063-16058410 0.103896 0.224138 0.106628 0.129310 0.152299 0.143678 0.155172 0.135057 0.020115 0.103448 0.039877 0.100575 0.048851 0.086207 0.103448 0.000000 0.100575 0.014368 0.083333 0.112069 0.094828 0.080460 0.083333 0.094828 0.097701 0.094828 0.100575 0.077586 0.060345 0.060345 0.055394 0.100575 0.103448 0.083333 0.060694 0.060694 0.076233
1.688.14A.X:16058411-16058772 0.099567 0.130919 0.161383 0.094972 0.087324 0.194286 0.110497 0.030556 0.097421 0.002762 0.033742 0.002762 0.048711 0.038781 0.005525 0.100575 0.000000 0.091954 0.030471 0.121469 0.086835 0.047091 0.030471 0.109859 0.084034 0.109859 0.092437 0.055402 0.113314 0.056022 0.110787 0.038889 0.041667 0.052632 0.089595 0.109827 0.076233
1.688.14A.X:16058773-16059120 0.090909 0.218391 0.097983 0.120690 0.143678 0.129310 0.149425 0.126437 0.022989 0.094828 0.030675 0.091954 0.034483 0.077586 0.094828 0.014368 0.091954 0.000000 0.074713 0.103448 0.086207 0.071839 0.074713 0.086207 0.089080 0.086207 0.091954 0.074713 0.051724 0.057471 0.049563 0.091954 0.094828 0.080460 0.052023 0.046243 0.067265
1.688.14A.X:16059121-16059481 0.086580 0.144847 0.144092 0.075419 0.104225 0.185714 0.077562 0.063889 0.080229 0.033241 0.000000 0.033241 0.088825 0.008310 0.036011 0.083333 0.030471 0.074713 0.000000 0.093220 0.056022 0.022161 0.000000 0.078873 0.053221 0.078873 0.061625 0.030471 0.082153 0.039216 0.078717 0.025000 0.027778 0.027701 0.075145 0.092486 0.071749
1.688.14A.X:16059482-16059835 0.099567 0.189266 0.126801 0.110169 0.121469 0.140000 0.161017 0.104520 0.106017 0.124294 0.042945 0.121469 0.097421 0.042373 0.124294 0.112069 0.121469 0.103448 0.093220 0.000000 0.062147 0.112994 0.045198 0.014124 0.064972 0.014124 0.062147 0.115819 0.042493 0.064972 0.037901 0.121469 0.118644 0.067797 0.054913 0.066474 0.156951
1.688.14A.X:16059836-16060192 0.090909 0.207283 0.149856 0.109244 0.132394 0.145714 0.128852 0.114846 0.088825 0.089636 0.027607 0.081232 0.085960 0.058824 0.084034 0.094828 0.086835 0.086207 0.056022 0.062147 0.000000 0.078431 0.056022 0.047887 0.002801 0.047887 0.005602 0.081232 0.042493 0.061625 0.072886 0.084034 0.086835 0.078431 0.078035 0.089595 0.161435
1.688.14A.X:16060193-16060553 0.082251 0.153203 0.155620 0.092179 0.121127 0.188571 0.099723 0.080556 0.083095 0.049861 0.021472 0.049861 0.088825 0.030471 0.052632 0.080460 0.047091 0.071839 0.022161 0.112994 0.078431 0.000000 0.022161 0.098592 0.075630 0.098592 0.084034 0.008310 0.101983 0.028011 0.099125 0.036111 0.038889 0.011080 0.092486 0.098266 0.044843
1.688.14A.X:16060554-16060914 0.086580 0.144847 0.144092 0.075419 0.104225 0.185714 0.077562 0.063889 0.080229 0.033241 0.000000 0.033241 0.088825 0.008310 0.036011 0.083333 0.030471 0.074713 0.000000 0.045198 0.056022 0.022161 0.000000 0.078873 0.053221 0.078873 0.061625 0.030471 0.082153 0.039216 0.078717 0.025000 0.027778 0.027701 0.075145 0.092486 0.071749
1.688.14A.X:16060915-16061269 0.095238 0.183099 0.152738 0.101408 0.118310 0.128571 0.098592 0.095775 0.088825 0.112676 0.024540 0.109859 0.080229 0.076056 0.112676 0.094828 0.109859 0.086207 0.078873 0.014124 0.047887 0.098592 0.078873 0.000000 0.050704 0.000000 0.047887 0.101408 0.025496 0.050704 0.052478 0.059155 0.056338 0.101408 0.075145 0.086705 0.156951
1.688.14A.X:16061270-16061626 0.086580 0.204482 0.152738 0.112045 0.129577 0.148571 0.131653 0.112045 0.091691 0.086835 0.024540 0.078431 0.088825 0.061625 0.081232 0.097701 0.084034 0.089080 0.053221 0.064972 0.002801 0.075630 0.053221 0.050704 0.000000 0.050704 0.008403 0.084034 0.045326 0.064426 0.075802 0.081232 0.084034 0.081232 0.075145 0.092486 0.165919
1.688.14A.X:16061627-16061981 0.095238 0.183099 0.152738 0.101408 0.118310 0.128571 0.098592 0.095775 0.088825 0.112676 0.024540 0.109859 0.080229 0.076056 0.112676 0.094828 0.109859 0.086207 0.078873 0.014124 0.047887 0.098592 0.078873 0.000000 0.050704 0.000000 0.047887 0.101408 0.025496 0.050704 0.052478 0.059155 0.056338 0.101408 0.075145 0.086705 0.156951
1.688.14A.X:16061982-16062338 0.099567 0.212885 0.155620 0.114846 0.138028 0.151429 0.128852 0.120448 0.094556 0.095238 0.033742 0.086835 0.091691 0.058824 0.089636 0.100575 0.092437 0.091954 0.061625 0.062147 0.005602 0.084034 0.061625 0.047887 0.008403 0.047887 0.000000 0.086835 0.042493 0.067227 0.072886 0.089636 0.086835 0.084034 0.083815 0.095376 0.165919
1.688.14A.X:16062339-16062699 0.095238 0.158774 0.158501 0.094972 0.129577 0.191429 0.099723 0.088889 0.080229 0.058172 0.030675 0.058172 0.091691 0.033241 0.060942 0.077586 0.055402 0.074713 0.030471 0.115819 0.081232 0.008310 0.030471 0.101408 0.084034 0.101408 0.086835 0.000000 0.104816 0.025210 0.102041 0.044444 0.047222 0.008310 0.101156 0.101156 0.049327
1.688.14A.X:16062700-16063052 0.095238 0.235127 0.106628 0.093484 0.113314 0.145714 0.150142 0.147309 0.060172 0.116147 0.030675 0.113314 0.031519 0.079320 0.116147 0.060345 0.113314 0.051724 0.082153 0.042493 0.042493 0.101983 0.082153 0.025496 0.045326 0.025496 0.042493 0.104816 0.000000 0.042493 0.061224 0.050992 0.048159 0.104816 0.089595 0.101156 0.067265
1.688.14A.X:16063053-16063409 0.086580 0.170868 0.149856 0.095238 0.112676 0.137143 0.109244 0.089636 0.057307 0.058824 0.036810 0.056022 0.080229 0.042017 0.058824 0.060345 0.056022 0.057471 0.039216 0.064972 0.061625 0.028011 0.039216 0.050704 0.064426 0.050704 0.067227 0.025210 0.042493 0.000000 0.096210 0.056022 0.058824 0.022409 0.095376 0.095376 0.107623
1.688.14A.X:16063410-16063752 0.099567 0.236152 0.113703 0.122449 0.157434 0.183673 0.148688 0.145773 0.090379 0.113703 0.039877 0.110787 0.084548 0.075802 0.113703 0.055394 0.110787 0.049563 0.078717 0.037901 0.072886 0.099125 0.078717 0.052478 0.075802 0.052478 0.072886 0.102041 0.061224 0.096210 0.000000 0.107872 0.104956 0.102041 0.037901 0.049563 0.098655
1.688.14A.X:16063753-16064112 0.116883 0.155989 0.164265 0.097765 0.121127 0.168571 0.102778 0.075000 0.097421 0.041667 0.030675 0.041667 0.048711 0.033333 0.044444 0.100575 0.038889 0.091954 0.025000 0.121469 0.084034 0.036111 0.025000 0.059155 0.081232 0.059155 0.089636 0.044444 0.050992 0.056022 0.107872 0.000000 0.002778 0.041667 0.086705 0.072254 0.098655
1.688.14A.X:16064113-16064472 0.121212 0.158774 0.167147 0.100559 0.123944 0.171429 0.100000 0.077778 0.100287 0.044444 0.033742 0.044444 0.051576 0.030556 0.047222 0.103448 0.041667 0.094828 0.027778 0.118644 0.086835 0.038889 0.027778 0.056338 0.084034 0.056338 0.086835 0.047222 0.048159 0.058824 0.104956 0.002778 0.000000 0.044444 0.089595 0.118497 0.098655
1.688.14A.X:16064473-16064833 0.095238 0.155989 0.155620 0.092179 0.126761 0.191429 0.096953 0.086111 0.080229 0.055402 0.030675 0.055402 0.094556 0.030471 0.058172 0.083333 0.052632 0.080460 0.027701 0.067797 0.078431 0.011080 0.027701 0.101408 0.081232 0.101408 0.084034 0.008310 0.104816 0.022409 0.102041 0.041667 0.044444 0.000000 0.098266 0.098266 0.049327
1.688.14A.X:16064834-16065179 0.090909 0.216763 0.115607 0.121387 0.141618 0.147399 0.156069 0.118497 0.057803 0.092486 0.036810 0.083815 0.046243 0.083815 0.086705 0.060694 0.089595 0.052023 0.075145 0.054913 0.078035 0.092486 0.075145 0.075145 0.075145 0.075145 0.083815 0.101156 0.089595 0.095376 0.037901 0.086705 0.089595 0.098266 0.000000 0.028902 0.103139
1.688.14A.X:16065180-16065525 0.099567 0.239884 0.118497 0.127168 0.156069 0.144509 0.167630 0.138728 0.057803 0.112717 0.055215 0.104046 0.040462 0.095376 0.106936 0.060694 0.109827 0.046243 0.092486 0.066474 0.089595 0.098266 0.092486 0.086705 0.092486 0.086705 0.095376 0.101156 0.101156 0.095376 0.049563 0.072254 0.118497 0.098266 0.028902 0.000000 0.089686
1.688.14A.X:16065526-16065748 0.596413 0.331839 0.152466 0.116592 0.197309 0.170404 0.233184 0.219731 0.089686 0.076233 0.188341 0.076233 0.049327 0.067265 0.080717 0.076233 0.076233 0.067265 0.071749 0.156951 0.161435 0.044843 0.071749 0.156951 0.165919 0.156951 0.165919 0.049327 0.067265 0.107623 0.098655 0.098655 0.098655 0.049327 0.103139 0.089686 0.000000
