114
1.688.7B.X:7727333-7727384 0.000000 0.634615 0.192308 0.192308 0.192308 0.192308 0.192308 0.192308 0.192308 0.192308 0.192308 0.192308 0.192308 0.192308 0.192308 0.634615 0.192308 0.192308 0.192308 0.192308 0.192308 0.192308 0.192308 0.634615 0.121951 0.192308 0.192308 0.192308 0.192308 0.365385 0.230769 0.192308 0.192308 0.307692 0.192308 0.192308 0.192308 0.634615 0.121951 0.596154 0.121951 0.192308 0.192308 0.192308 0.192308 0.192308 0.192308 0.192308 0.192308 0.192308 0.192308 0.192308 0.192308 0.192308 0.192308 0.192308 0.192308 0.192308 0.192308 0.192308 0.192308 0.192308 0.192308 0.288462 0.192308 0.288462 0.288462 0.192308 0.192308 0.192308 0.173077 0.173077 0.173077 0.173077 0.173077 0.173077 0.173077 0.173077 0.173077 0.173077 0.173077 0.173077 0.173077 0.173077 0.173077 0.173077 0.173077 0.173077 0.173077 0.173077 0.173077 0.173077 0.173077 0.173077 0.173077 0.173077 0.173077 0.173077 0.173077 0.173077 0.173077 0.173077 0.173077 0.173077 0.173077 0.173077 0.173077 0.288462 0.173077 0.596154 0.307692 0.173077 0.500000 0.269231
1.688.7B.X:7727410-7727521 0.634615 0.000000 0.687500 0.339286 0.321429 0.410714 0.330357 0.339286 0.330357 0.339286 0.410714 0.348214 0.312500 0.330357 0.339286 0.330357 0.598214 0.321429 0.383929 0.375000 0.348214 0.383929 0.375000 0.321429 0.634146 0.392857 0.383929 0.392857 0.383929 0.392857 0.383929 0.383929 0.383929 0.375000 0.392857 0.383929 0.375000 0.321429 0.634146 0.330357 0.634146 0.383929 0.383929 0.383929 0.383929 0.383929 0.383929 0.383929 0.383929 0.383929 0.383929 0.383929 0.383929 0.383929 0.383929 0.383929 0.383929 0.383929 0.383929 0.383929 0.383929 0.321429 0.383929 0.383929 0.383929 0.383929 0.383929 0.383929 0.383929 0.383929 0.303571 0.383929 0.321429 0.383929 0.321429 0.321429 0.321429 0.321429 0.321429 0.321429 0.321429 0.321429 0.321429 0.321429 0.321429 0.321429 0.321429 0.321429 0.321429 0.321429 0.321429 0.321429 0.321429 0.321429 0.383929 0.383929 0.383929 0.383929 0.383929 0.383929 0.383929 0.383929 0.383929 0.383929 0.383929 0.383929 0.383929 0.321429 0.339286 0.410714 0.401786 0.473214 0.437500 0.401786
1.688.7B.X:7727512-7727640 0.192308 0.687500 0.000000 0.023256 0.007752 0.023256 0.007752 0.007752 0.007752 0.007752 0.007752 0.007752 0.015504 0.007752 0.007752 0.682171 0.023256 0.023256 0.023256 0.007752 0.023256 0.023256 0.038760 0.689922 0.097561 0.023256 0.023256 0.023256 0.031008 0.093023 0.038760 0.023256 0.038760 0.069767 0.023256 0.023256 0.023256 0.651163 0.097561 0.635659 0.097561 0.023256 0.023256 0.023256 0.023256 0.023256 0.023256 0.023256 0.023256 0.023256 0.023256 0.023256 0.023256 0.023256 0.023256 0.023256 0.023256 0.023256 0.023256 0.023256 0.023256 0.046512 0.023256 0.062016 0.023256 0.062016 0.062016 0.023256 0.023256 0.023256 0.015504 0.015504 0.015504 0.015504 0.015504 0.015504 0.015504 0.015504 0.015504 0.015504 0.015504 0.015504 0.015504 0.015504 0.015504 0.015504 0.015504 0.015504 0.015504 0.015504 0.015504 0.015504 0.015504 0.015504 0.015504 0.015504 0.015504 0.015504 0.015504 0.015504 0.015504 0.015504 0.015504 0.015504 0.015504 0.015504 0.015504 0.054264 0.062016 0.348837 0.162791 0.093023 0.201550 0.100775
1.688.7B.X:7727641-7728002 0.192308 0.339286 0.023256 0.000000 0.030387 0.044321 0.036011 0.033241 0.036011 0.049724 0.036011 0.036011 0.047091 0.052778 0.095101 0.033582 0.053846 0.052632 0.047091 0.044568 0.038674 0.058333 0.055402 0.048673 0.048780 0.052632 0.055402 0.054441 0.052632 0.136232 0.045455 0.052632 0.126761 0.063889 0.050704 0.049861 0.049861 0.074890 0.048780 0.088889 0.048780 0.047091 0.047091 0.047091 0.047091 0.047091 0.047091 0.047091 0.047091 0.047091 0.047091 0.050000 0.047091 0.047091 0.047091 0.047091 0.047091 0.047091 0.047091 0.047091 0.047091 0.061111 0.047091 0.058333 0.047091 0.072423 0.058333 0.047091 0.047091 0.047091 0.055556 0.038781 0.041551 0.038781 0.041551 0.052778 0.052778 0.055556 0.041551 0.041551 0.052778 0.052778 0.052778 0.041551 0.041551 0.055556 0.052778 0.041551 0.052778 0.041551 0.041551 0.041551 0.066852 0.052778 0.041551 0.038781 0.038781 0.052778 0.038781 0.038781 0.041551 0.052778 0.041551 0.052778 0.038781 0.038781 0.052778 0.064067 0.112360 0.235669 0.361032 0.225904 0.194286 0.342939
1.688.7B.X:7728003-7728365 0.192308 0.321429 0.007752 0.030387 0.000000 0.063712 0.038781 0.041551 0.038781 0.027624 0.055402 0.044321 0.055402 0.044444 0.083573 0.044776 0.050000 0.063712 0.058172 0.055710 0.041436 0.069444 0.066482 0.070796 0.097561 0.063712 0.066482 0.051576 0.063712 0.133333 0.042208 0.063712 0.121127 0.075000 0.056338 0.060942 0.060942 0.096916 0.097561 0.111111 0.097561 0.058172 0.058172 0.058172 0.058172 0.058172 0.058172 0.058172 0.058172 0.058172 0.058172 0.061111 0.058172 0.058172 0.058172 0.058172 0.058172 0.058172 0.058172 0.058172 0.058172 0.072222 0.058172 0.069444 0.058172 0.069638 0.069444 0.058172 0.058172 0.058172 0.066667 0.049861 0.052632 0.049861 0.052632 0.063889 0.063889 0.066667 0.052632 0.052632 0.063889 0.063889 0.063889 0.052632 0.052632 0.066667 0.063889 0.052632 0.063889 0.052632 0.052632 0.052632 0.077994 0.063889 0.052632 0.049861 0.049861 0.063889 0.049861 0.049861 0.052632 0.063889 0.052632 0.063889 0.049861 0.049861 0.063889 0.075209 0.109551 0.245223 0.329513 0.222892 0.274286 0.340058
1.688.7B.X:7728366-7728726 0.192308 0.410714 0.023256 0.044321 0.063712 0.000000 0.036011 0.033241 0.036011 0.047091 0.008310 0.036011 0.044321 0.052778 0.086455 0.078358 0.046154 0.047091 0.044321 0.033426 0.063712 0.050000 0.044321 0.053097 0.097561 0.047091 0.044321 0.051576 0.049861 0.127536 0.045455 0.041551 0.112676 0.052778 0.047887 0.047091 0.038781 0.079295 0.097561 0.084444 0.097561 0.044321 0.044321 0.044321 0.044321 0.044321 0.044321 0.044321 0.044321 0.044321 0.044321 0.052778 0.044321 0.044321 0.044321 0.044321 0.044321 0.044321 0.044321 0.044321 0.044321 0.058333 0.044321 0.055556 0.044321 0.069638 0.055556 0.044321 0.044321 0.044321 0.052778 0.038781 0.041551 0.038781 0.041551 0.052778 0.052778 0.052778 0.041551 0.041551 0.052778 0.052778 0.052778 0.041551 0.041551 0.052778 0.052778 0.041551 0.052778 0.041551 0.041551 0.041551 0.066852 0.052778 0.041551 0.038781 0.038781 0.052778 0.038781 0.038781 0.041551 0.052778 0.041551 0.052778 0.038781 0.038781 0.052778 0.064067 0.112360 0.248408 0.349570 0.219880 0.191429 0.325648
1.688.7B.X:7728727-7729087 0.192308 0.330357 0.007752 0.036011 0.038781 0.036011 0.000000 0.008310 0.000000 0.022161 0.027701 0.011080 0.019391 0.027778 0.057637 0.029851 0.030769 0.022161 0.016620 0.013928 0.027701 0.030556 0.024931 0.013274 0.097561 0.022161 0.024931 0.022923 0.022161 0.104348 0.025974 0.022161 0.090141 0.033333 0.019718 0.019391 0.019391 0.039648 0.097561 0.048889 0.097561 0.016620 0.016620 0.016620 0.016620 0.016620 0.016620 0.016620 0.016620 0.016620 0.016620 0.030556 0.016620 0.016620 0.016620 0.016620 0.016620 0.016620 0.016620 0.016620 0.016620 0.030556 0.016620 0.027778 0.016620 0.041783 0.027778 0.016620 0.016620 0.016620 0.025000 0.011080 0.013850 0.011080 0.013850 0.025000 0.025000 0.027778 0.013850 0.013850 0.025000 0.025000 0.025000 0.013850 0.013850 0.027778 0.025000 0.013850 0.025000 0.013850 0.013850 0.013850 0.038997 0.025000 0.013850 0.011080 0.011080 0.025000 0.011080 0.011080 0.013850 0.025000 0.013850 0.025000 0.011080 0.011080 0.025000 0.036212 0.084270 0.229299 0.343840 0.192771 0.171429 0.314121
1.688.7B.X:7729088-7729448 0.192308 0.339286 0.007752 0.033241 0.041551 0.033241 0.008310 0.000000 0.008310 0.013850 0.024931 0.002770 0.011080 0.019444 0.066282 0.041045 0.038462 0.027701 0.022161 0.019499 0.036011 0.036111 0.030471 0.022124 0.097561 0.027701 0.030471 0.028653 0.027701 0.104348 0.032468 0.027701 0.095775 0.038889 0.025352 0.024931 0.024931 0.048458 0.097561 0.057778 0.097561 0.022161 0.022161 0.022161 0.022161 0.022161 0.022161 0.022161 0.022161 0.022161 0.022161 0.036111 0.022161 0.022161 0.022161 0.022161 0.022161 0.022161 0.022161 0.022161 0.022161 0.036111 0.022161 0.033333 0.022161 0.047354 0.033333 0.022161 0.022161 0.022161 0.030556 0.016620 0.019391 0.016620 0.019391 0.030556 0.030556 0.033333 0.019391 0.019391 0.030556 0.030556 0.030556 0.019391 0.019391 0.033333 0.030556 0.019391 0.030556 0.019391 0.019391 0.019391 0.044568 0.030556 0.019391 0.016620 0.016620 0.030556 0.016620 0.016620 0.019391 0.030556 0.019391 0.030556 0.016620 0.016620 0.030556 0.041783 0.089888 0.229299 0.349570 0.198795 0.177143 0.164265
1.688.7B.X:7729449-7729809 0.192308 0.330357 0.007752 0.036011 0.038781 0.036011 0.000000 0.008310 0.000000 0.022161 0.027701 0.011080 0.019391 0.027778 0.057637 0.029851 0.030769 0.022161 0.016620 0.013928 0.027701 0.030556 0.024931 0.013274 0.097561 0.022161 0.024931 0.022923 0.022161 0.104348 0.025974 0.022161 0.090141 0.033333 0.019718 0.019391 0.019391 0.039648 0.097561 0.048889 0.097561 0.016620 0.016620 0.016620 0.016620 0.016620 0.016620 0.016620 0.016620 0.016620 0.016620 0.030556 0.016620 0.016620 0.016620 0.016620 0.016620 0.016620 0.016620 0.016620 0.016620 0.030556 0.016620 0.027778 0.016620 0.041783 0.027778 0.016620 0.016620 0.016620 0.025000 0.011080 0.013850 0.011080 0.013850 0.025000 0.025000 0.027778 0.013850 0.013850 0.025000 0.025000 0.025000 0.013850 0.013850 0.027778 0.025000 0.013850 0.025000 0.013850 0.013850 0.013850 0.038997 0.025000 0.013850 0.011080 0.011080 0.025000 0.011080 0.011080 0.013850 0.025000 0.013850 0.025000 0.011080 0.011080 0.025000 0.036212 0.084270 0.229299 0.343840 0.192771 0.171429 0.314121
1.688.7B.X:7729810-7730171 0.192308 0.339286 0.007752 0.049724 0.027624 0.047091 0.022161 0.013850 0.022161 0.000000 0.038781 0.016620 0.024931 0.019444 0.066282 0.059701 0.038462 0.041551 0.036011 0.033426 0.052486 0.050000 0.044321 0.044248 0.097561 0.041551 0.044321 0.028653 0.041551 0.107246 0.032468 0.041551 0.095775 0.052778 0.033803 0.038781 0.038781 0.070485 0.097561 0.080000 0.097561 0.036011 0.036011 0.036011 0.036011 0.036011 0.036011 0.036011 0.036011 0.036011 0.036011 0.050000 0.036011 0.036011 0.036011 0.036011 0.036011 0.036011 0.036011 0.036011 0.036011 0.050000 0.036011 0.047222 0.036011 0.047354 0.047222 0.036011 0.036011 0.036011 0.044444 0.030471 0.033241 0.030471 0.033241 0.044444 0.044444 0.047222 0.033241 0.033241 0.044444 0.044444 0.044444 0.033241 0.033241 0.047222 0.044444 0.033241 0.044444 0.033241 0.033241 0.033241 0.058496 0.044444 0.033241 0.030471 0.030471 0.044444 0.030471 0.030471 0.033241 0.044444 0.033241 0.044444 0.030471 0.030471 0.044444 0.055710 0.089888 0.216561 0.349570 0.198795 0.191429 0.164265
1.688.7B.X:7730172-7730532 0.192308 0.410714 0.007752 0.036011 0.055402 0.008310 0.027701 0.024931 0.027701 0.038781 0.000000 0.027701 0.036011 0.044444 0.077810 0.067164 0.038462 0.041551 0.036011 0.025070 0.055402 0.041667 0.036011 0.044248 0.097561 0.038781 0.036011 0.042980 0.041551 0.121739 0.038961 0.033241 0.107042 0.044444 0.039437 0.038781 0.030471 0.070485 0.097561 0.075556 0.097561 0.036011 0.036011 0.036011 0.036011 0.036011 0.036011 0.036011 0.036011 0.036011 0.036011 0.044444 0.036011 0.036011 0.036011 0.036011 0.036011 0.036011 0.036011 0.036011 0.036011 0.050000 0.036011 0.047222 0.036011 0.061281 0.047222 0.036011 0.036011 0.036011 0.044444 0.030471 0.033241 0.030471 0.033241 0.044444 0.044444 0.044444 0.033241 0.033241 0.044444 0.044444 0.044444 0.033241 0.033241 0.044444 0.044444 0.033241 0.044444 0.033241 0.033241 0.033241 0.058496 0.044444 0.033241 0.030471 0.030471 0.044444 0.030471 0.030471 0.033241 0.044444 0.033241 0.044444 0.030471 0.030471 0.044444 0.055710 0.103933 0.245223 0.349570 0.213855 0.188571 0.319885
1.688.7B.X:7730533-7730893 0.192308 0.348214 0.007752 0.036011 0.044321 0.036011 0.011080 0.002770 0.011080 0.016620 0.027701 0.000000 0.013850 0.022222 0.069164 0.044776 0.038462 0.030471 0.024931 0.022284 0.038781 0.038889 0.033241 0.026549 0.097561 0.030471 0.033241 0.031519 0.030471 0.107246 0.035714 0.030471 0.098592 0.041667 0.028169 0.027701 0.027701 0.052863 0.097561 0.062222 0.097561 0.024931 0.024931 0.024931 0.024931 0.024931 0.024931 0.024931 0.024931 0.024931 0.024931 0.038889 0.024931 0.024931 0.024931 0.024931 0.024931 0.024931 0.024931 0.024931 0.024931 0.038889 0.024931 0.036111 0.024931 0.050139 0.036111 0.024931 0.024931 0.024931 0.033333 0.019391 0.022161 0.019391 0.022161 0.033333 0.033333 0.036111 0.022161 0.022161 0.033333 0.033333 0.033333 0.022161 0.022161 0.036111 0.033333 0.022161 0.033333 0.022161 0.022161 0.022161 0.047354 0.033333 0.022161 0.019391 0.019391 0.033333 0.019391 0.019391 0.022161 0.033333 0.022161 0.033333 0.019391 0.019391 0.033333 0.044568 0.092697 0.232484 0.355301 0.201807 0.180000 0.319885
1.688.7B.X:7730894-7731254 0.192308 0.312500 0.015504 0.047091 0.055402 0.044321 0.019391 0.011080 0.019391 0.024931 0.036011 0.013850 0.000000 0.025000 0.077810 0.052239 0.053846 0.038781 0.033241 0.030641 0.047091 0.044444 0.041551 0.035398 0.097561 0.038781 0.041551 0.040115 0.038781 0.115942 0.045455 0.038781 0.107042 0.050000 0.036620 0.036011 0.036011 0.061674 0.097561 0.071111 0.097561 0.033241 0.033241 0.033241 0.033241 0.033241 0.033241 0.033241 0.033241 0.033241 0.033241 0.047222 0.033241 0.033241 0.033241 0.033241 0.033241 0.033241 0.033241 0.033241 0.033241 0.047222 0.033241 0.044444 0.033241 0.058496 0.044444 0.033241 0.033241 0.033241 0.041667 0.027701 0.030471 0.027701 0.030471 0.041667 0.041667 0.044444 0.030471 0.030471 0.041667 0.041667 0.041667 0.030471 0.030471 0.044444 0.041667 0.030471 0.041667 0.030471 0.030471 0.030471 0.055710 0.041667 0.030471 0.027701 0.027701 0.041667 0.027701 0.027701 0.030471 0.041667 0.030471 0.041667 0.027701 0.027701 0.041667 0.052925 0.098315 0.242038 0.361032 0.210843 0.188571 0.175793
1.688.7B.X:7731255-7731614 0.192308 0.330357 0.007752 0.052778 0.044444 0.052778 0.027778 0.019444 0.027778 0.019444 0.044444 0.022222 0.025000 0.000000 0.072046 0.070896 0.046154 0.047222 0.041667 0.041783 0.055556 0.055556 0.050000 0.053097 0.097561 0.047222 0.050000 0.034384 0.047222 0.115942 0.038961 0.047222 0.081690 0.061111 0.042254 0.044444 0.044444 0.079295 0.097561 0.088889 0.097561 0.041667 0.041667 0.041667 0.041667 0.041667 0.041667 0.041667 0.041667 0.041667 0.041667 0.058333 0.041667 0.041667 0.041667 0.041667 0.041667 0.041667 0.041667 0.041667 0.041667 0.058333 0.041667 0.055556 0.041667 0.038997 0.055556 0.041667 0.041667 0.041667 0.052778 0.036111 0.038889 0.036111 0.038889 0.052778 0.052778 0.055556 0.038889 0.038889 0.052778 0.052778 0.052778 0.038889 0.038889 0.055556 0.052778 0.038889 0.052778 0.038889 0.038889 0.038889 0.066852 0.052778 0.038889 0.036111 0.036111 0.052778 0.036111 0.036111 0.038889 0.052778 0.038889 0.052778 0.036111 0.036111 0.052778 0.064067 0.078652 0.242038 0.352436 0.204819 0.200000 0.155620
1.688.7B.X:7731615-7731961 0.192308 0.339286 0.007752 0.095101 0.083573 0.086455 0.057637 0.066282 0.057637 0.066282 0.077810 0.069164 0.077810 0.072046 0.000000 0.156716 0.030769 0.080692 0.074928 0.066282 0.086455 0.086455 0.077810 0.163717 0.097561 0.083573 0.074928 0.077810 0.077810 0.107246 0.032468 0.074928 0.086455 0.089337 0.077810 0.074928 0.072046 0.185022 0.097561 0.204444 0.097561 0.074928 0.074928 0.074928 0.074928 0.074928 0.074928 0.074928 0.074928 0.074928 0.074928 0.089337 0.074928 0.074928 0.074928 0.074928 0.074928 0.074928 0.074928 0.074928 0.074928 0.092219 0.074928 0.089337 0.074928 0.089337 0.089337 0.074928 0.074928 0.074928 0.086455 0.069164 0.072046 0.069164 0.072046 0.086455 0.086455 0.072046 0.072046 0.072046 0.086455 0.086455 0.086455 0.072046 0.072046 0.072046 0.086455 0.072046 0.086455 0.072046 0.072046 0.072046 0.103746 0.086455 0.072046 0.069164 0.069164 0.086455 0.069164 0.069164 0.072046 0.086455 0.072046 0.086455 0.069164 0.069164 0.086455 0.100865 0.141210 0.245223 0.299712 0.156627 0.262248 0.302594
1.688.7B.X:7731962-7732229 0.634615 0.330357 0.682171 0.033582 0.044776 0.078358 0.029851 0.041045 0.029851 0.059701 0.067164 0.044776 0.052239 0.070896 0.156716 0.000000 0.384615 0.044776 0.037313 0.048507 0.003731 0.067164 0.048507 0.044248 0.658537 0.044776 0.048507 0.089552 0.044776 0.179104 0.220149 0.044776 0.156716 0.041045 0.063433 0.041045 0.041045 0.070485 0.658537 0.071111 0.658537 0.037313 0.037313 0.037313 0.037313 0.037313 0.037313 0.037313 0.037313 0.037313 0.037313 0.044776 0.037313 0.037313 0.037313 0.037313 0.037313 0.037313 0.037313 0.037313 0.037313 0.059701 0.037313 0.037313 0.037313 0.059701 0.037313 0.037313 0.037313 0.037313 0.059701 0.041045 0.044776 0.041045 0.044776 0.063433 0.063433 0.067164 0.044776 0.044776 0.063433 0.063433 0.063433 0.044776 0.044776 0.067164 0.063433 0.044776 0.063433 0.044776 0.044776 0.044776 0.085821 0.063433 0.044776 0.041045 0.041045 0.063433 0.041045 0.041045 0.044776 0.063433 0.044776 0.063433 0.041045 0.041045 0.063433 0.063433 0.138060 0.291045 0.227612 0.376866 0.220149 0.444030
1.688.7B.X:7732228-7732487 0.192308 0.598214 0.023256 0.053846 0.050000 0.046154 0.030769 0.038462 0.030769 0.038462 0.038462 0.038462 0.053846 0.046154 0.030769 0.384615 0.000000 0.026923 0.019231 0.026923 0.023077 0.046154 0.026923 0.473451 0.048780 0.023077 0.023077 0.019231 0.023077 0.065385 0.026923 0.023077 0.026923 0.042308 0.019231 0.019231 0.019231 0.493392 0.048780 0.497778 0.048780 0.019231 0.019231 0.019231 0.019231 0.019231 0.019231 0.019231 0.019231 0.019231 0.019231 0.019231 0.019231 0.019231 0.019231 0.019231 0.019231 0.019231 0.019231 0.019231 0.019231 0.042308 0.019231 0.042308 0.019231 0.042308 0.042308 0.019231 0.019231 0.019231 0.046154 0.026923 0.030769 0.026923 0.030769 0.042308 0.042308 0.030769 0.030769 0.030769 0.042308 0.042308 0.042308 0.030769 0.030769 0.030769 0.042308 0.030769 0.042308 0.030769 0.030769 0.030769 0.030769 0.042308 0.030769 0.026923 0.026923 0.030769 0.026923 0.026923 0.030769 0.030769 0.030769 0.030769 0.026923 0.026923 0.030769 0.065385 0.107692 0.269231 0.215385 0.192308 0.223077 0.153846
1.688.7B.X:7732488-7732848 0.192308 0.321429 0.023256 0.052632 0.063712 0.047091 0.022161 0.027701 0.022161 0.041551 0.041551 0.030471 0.038781 0.047222 0.080692 0.044776 0.026923 0.000000 0.005540 0.013928 0.033241 0.025000 0.013850 0.013274 0.048780 0.011080 0.013850 0.011461 0.011080 0.095652 0.012987 0.011080 0.078873 0.022222 0.008451 0.008310 0.008310 0.039648 0.048780 0.040000 0.048780 0.005540 0.005540 0.005540 0.005540 0.005540 0.005540 0.005540 0.005540 0.005540 0.005540 0.019444 0.005540 0.005540 0.005540 0.005540 0.005540 0.005540 0.005540 0.005540 0.005540 0.019444 0.005540 0.019444 0.005540 0.033426 0.019444 0.005540 0.005540 0.005540 0.022222 0.011080 0.013850 0.011080 0.013850 0.025000 0.025000 0.027778 0.013850 0.013850 0.025000 0.025000 0.025000 0.013850 0.013850 0.027778 0.025000 0.013850 0.025000 0.013850 0.013850 0.013850 0.038997 0.025000 0.013850 0.011080 0.011080 0.025000 0.011080 0.011080 0.013850 0.025000 0.013850 0.025000 0.011080 0.011080 0.025000 0.038997 0.087079 0.226115 0.352436 0.195783 0.165714 0.322767
1.688.7B.X:7732849-7733209 0.192308 0.383929 0.023256 0.047091 0.058172 0.044321 0.016620 0.022161 0.016620 0.036011 0.036011 0.024931 0.033241 0.041667 0.074928 0.037313 0.019231 0.005540 0.000000 0.008357 0.027701 0.019444 0.008310 0.004425 0.048780 0.005540 0.008310 0.005731 0.005540 0.089855 0.006494 0.005540 0.073239 0.016667 0.002817 0.002770 0.002770 0.030837 0.048780 0.031111 0.048780 0.000000 0.000000 0.000000 0.000000 0.000000 0.000000 0.000000 0.000000 0.000000 0.000000 0.013889 0.000000 0.000000 0.000000 0.000000 0.000000 0.000000 0.000000 0.000000 0.000000 0.013889 0.000000 0.013889 0.000000 0.027855 0.013889 0.000000 0.000000 0.000000 0.016667 0.005540 0.008310 0.005540 0.008310 0.019444 0.019444 0.022222 0.008310 0.008310 0.019444 0.019444 0.019444 0.008310 0.008310 0.022222 0.019444 0.008310 0.019444 0.008310 0.008310 0.008310 0.033426 0.019444 0.008310 0.005540 0.005540 0.019444 0.005540 0.005540 0.008310 0.019444 0.008310 0.019444 0.005540 0.005540 0.019444 0.033426 0.081461 0.226115 0.346705 0.189759 0.168571 0.317003
1.688.7B.X:7733212-7733570 0.192308 0.375000 0.007752 0.044568 0.055710 0.033426 0.013928 0.019499 0.013928 0.033426 0.025070 0.022284 0.030641 0.041783 0.066282 0.048507 0.026923 0.013928 0.008357 0.000000 0.036212 0.025070 0.011142 0.017699 0.097561 0.016713 0.011142 0.014327 0.013928 0.095652 0.019481 0.008357 0.081690 0.022284 0.011268 0.011142 0.005571 0.044053 0.097561 0.048889 0.097561 0.008357 0.008357 0.008357 0.008357 0.008357 0.008357 0.008357 0.008357 0.008357 0.008357 0.022284 0.008357 0.008357 0.008357 0.008357 0.008357 0.008357 0.008357 0.008357 0.008357 0.025070 0.008357 0.022284 0.008357 0.038997 0.022284 0.008357 0.008357 0.008357 0.022284 0.008357 0.011142 0.008357 0.011142 0.025070 0.025070 0.027855 0.011142 0.011142 0.025070 0.025070 0.025070 0.011142 0.011142 0.027855 0.025070 0.011142 0.025070 0.011142 0.011142 0.011142 0.041783 0.025070 0.011142 0.008357 0.008357 0.025070 0.008357 0.008357 0.011142 0.025070 0.011142 0.025070 0.008357 0.008357 0.025070 0.038997 0.089888 0.229299 0.346705 0.192771 0.174286 0.319885
1.688.7B.X:7733571-7733932 0.192308 0.348214 0.023256 0.038674 0.041436 0.063712 0.027701 0.036011 0.027701 0.052486 0.055402 0.038781 0.047091 0.055556 0.086455 0.003731 0.023077 0.033241 0.027701 0.036212 0.000000 0.047222 0.036011 0.048673 0.048780 0.033241 0.036011 0.034384 0.033241 0.118841 0.022727 0.033241 0.107042 0.044444 0.030986 0.030471 0.030471 0.074890 0.048780 0.075556 0.048780 0.027701 0.027701 0.027701 0.027701 0.027701 0.027701 0.027701 0.027701 0.027701 0.027701 0.030556 0.027701 0.027701 0.027701 0.027701 0.027701 0.027701 0.027701 0.027701 0.027701 0.041667 0.027701 0.041667 0.027701 0.055710 0.041667 0.027701 0.027701 0.027701 0.044444 0.033241 0.036011 0.033241 0.036011 0.047222 0.047222 0.050000 0.036011 0.036011 0.047222 0.047222 0.047222 0.036011 0.036011 0.050000 0.047222 0.036011 0.047222 0.036011 0.036011 0.036011 0.061281 0.047222 0.036011 0.033241 0.033241 0.047222 0.033241 0.033241 0.036011 0.047222 0.036011 0.047222 0.033241 0.033241 0.047222 0.061281 0.109551 0.232484 0.352436 0.219880 0.194286 0.331412
1.688.7B.X:7733933-7734292 0.192308 0.383929 0.023256 0.058333 0.069444 0.050000 0.030556 0.036111 0.030556 0.050000 0.041667 0.038889 0.044444 0.055556 0.086455 0.067164 0.046154 0.025000 0.019444 0.025070 0.047222 0.000000 0.022222 0.030973 0.048780 0.027778 0.022222 0.028653 0.025000 0.046377 0.035714 0.019444 0.053521 0.033333 0.025352 0.022222 0.016667 0.057269 0.048780 0.071111 0.048780 0.019444 0.019444 0.019444 0.019444 0.019444 0.019444 0.019444 0.019444 0.019444 0.019444 0.033333 0.019444 0.019444 0.019444 0.019444 0.019444 0.019444 0.019444 0.019444 0.019444 0.036111 0.019444 0.036111 0.019444 0.050139 0.036111 0.019444 0.019444 0.019444 0.022222 0.019444 0.022222 0.019444 0.022222 0.036111 0.036111 0.038889 0.022222 0.022222 0.036111 0.036111 0.036111 0.022222 0.022222 0.038889 0.036111 0.022222 0.036111 0.022222 0.022222 0.022222 0.050139 0.036111 0.022222 0.019444 0.019444 0.036111 0.019444 0.019444 0.022222 0.036111 0.022222 0.036111 0.019444 0.019444 0.036111 0.050139 0.064607 0.242038 0.151862 0.192771 0.185714 0.170029
1.688.7B.X:7734293-7734653 0.192308 0.375000 0.038760 0.055402 0.066482 0.044321 0.024931 0.030471 0.024931 0.044321 0.036011 0.033241 0.041551 0.050000 0.077810 0.048507 0.026923 0.013850 0.008310 0.011142 0.036011 0.022222 0.000000 0.008850 0.048780 0.016620 0.011080 0.014327 0.013850 0.092754 0.012987 0.008310 0.081690 0.019444 0.011268 0.011080 0.005540 0.035242 0.048780 0.040000 0.048780 0.008310 0.008310 0.008310 0.008310 0.008310 0.008310 0.008310 0.008310 0.008310 0.008310 0.019444 0.008310 0.008310 0.008310 0.008310 0.008310 0.008310 0.008310 0.008310 0.008310 0.022222 0.008310 0.022222 0.008310 0.036212 0.022222 0.008310 0.008310 0.008310 0.025000 0.013850 0.016620 0.013850 0.016620 0.027778 0.027778 0.030556 0.016620 0.016620 0.027778 0.027778 0.027778 0.016620 0.016620 0.030556 0.027778 0.016620 0.027778 0.016620 0.016620 0.016620 0.041783 0.027778 0.016620 0.013850 0.013850 0.027778 0.013850 0.013850 0.016620 0.027778 0.016620 0.027778 0.013850 0.013850 0.027778 0.041783 0.089888 0.235669 0.352436 0.195783 0.174286 0.322767
1.688.7B.X:7734654-7734879 0.634615 0.321429 0.689922 0.048673 0.070796 0.053097 0.013274 0.022124 0.013274 0.044248 0.044248 0.026549 0.035398 0.053097 0.163717 0.044248 0.473451 0.013274 0.004425 0.017699 0.048673 0.030973 0.008850 0.000000 0.658537 0.013274 0.017699 0.066372 0.008850 0.066372 0.238938 0.013274 0.137168 0.008850 0.035398 0.008850 0.008850 0.022124 0.658537 0.035556 0.658537 0.004425 0.004425 0.004425 0.004425 0.004425 0.004425 0.004425 0.004425 0.004425 0.004425 0.030973 0.004425 0.004425 0.004425 0.004425 0.004425 0.004425 0.004425 0.004425 0.004425 0.004425 0.004425 0.004425 0.004425 0.030973 0.004425 0.004425 0.004425 0.004425 0.026549 0.000000 0.004425 0.000000 0.004425 0.026549 0.026549 0.030973 0.004425 0.004425 0.026549 0.026549 0.026549 0.004425 0.004425 0.030973 0.026549 0.004425 0.026549 0.004425 0.004425 0.004425 0.053097 0.026549 0.004425 0.000000 0.000000 0.026549 0.000000 0.000000 0.004425 0.026549 0.004425 0.026549 0.000000 0.000000 0.026549 0.026549 0.110619 0.296460 0.203540 0.327434 0.172566 0.216814
1.688.7B.X:7734876-7734916 0.121951 0.634146 0.097561 0.048780 0.097561 0.097561 0.097561 0.097561 0.097561 0.097561 0.097561 0.097561 0.097561 0.097561 0.097561 0.658537 0.048780 0.048780 0.048780 0.097561 0.048780 0.048780 0.048780 0.658537 0.000000 0.048780 0.048780 0.048780 0.048780 0.268293 0.048780 0.048780 0.048780 0.121951 0.048780 0.048780 0.048780 0.658537 0.000000 0.658537 0.000000 0.048780 0.048780 0.048780 0.048780 0.048780 0.048780 0.048780 0.048780 0.048780 0.048780 0.048780 0.048780 0.048780 0.048780 0.048780 0.048780 0.048780 0.048780 0.048780 0.048780 0.048780 0.048780 0.195122 0.048780 0.195122 0.195122 0.048780 0.048780 0.048780 0.073171 0.073171 0.073171 0.073171 0.073171 0.073171 0.073171 0.073171 0.073171 0.073171 0.073171 0.073171 0.073171 0.073171 0.073171 0.073171 0.073171 0.073171 0.073171 0.073171 0.073171 0.073171 0.073171 0.073171 0.073171 0.073171 0.073171 0.073171 0.073171 0.073171 0.073171 0.073171 0.073171 0.073171 0.073171 0.073171 0.073171 0.219512 0.073171 0.609756 0.243902 0.073171 0.365854 0.195122
1.688.7B.X:7734917-7735277 0.192308 0.392857 0.023256 0.052632 0.063712 0.047091 0.022161 0.027701 0.022161 0.041551 0.038781 0.030471 0.038781 0.047222 0.083573 0.044776 0.023077 0.011080 0.005540 0.016713 0.033241 0.027778 0.016620 0.013274 0.048780 0.000000 0.011080 0.011461 0.011080 0.089855 0.009740 0.008310 0.078873 0.025000 0.008451 0.008310 0.011080 0.039648 0.048780 0.022222 0.048780 0.005540 0.005540 0.005540 0.005540 0.005540 0.005540 0.005540 0.005540 0.005540 0.005540 0.022222 0.005540 0.005540 0.005540 0.005540 0.005540 0.005540 0.005540 0.005540 0.005540 0.019444 0.005540 0.019444 0.005540 0.033426 0.019444 0.005540 0.005540 0.005540 0.022222 0.011080 0.013850 0.011080 0.013850 0.025000 0.025000 0.027778 0.013850 0.013850 0.025000 0.025000 0.025000 0.013850 0.013850 0.027778 0.025000 0.013850 0.025000 0.013850 0.013850 0.013850 0.038997 0.025000 0.013850 0.011080 0.011080 0.025000 0.011080 0.011080 0.013850 0.025000 0.013850 0.025000 0.011080 0.011080 0.025000 0.038997 0.087079 0.232484 0.346705 0.195783 0.174286 0.158501
1.688.7B.X:7735278-7735638 0.192308 0.383929 0.023256 0.055402 0.066482 0.044321 0.024931 0.030471 0.024931 0.044321 0.036011 0.033241 0.041551 0.050000 0.074928 0.048507 0.023077 0.013850 0.008310 0.011142 0.036011 0.022222 0.011080 0.017699 0.048780 0.011080 0.000000 0.011461 0.008310 0.089855 0.016234 0.002770 0.078873 0.019444 0.011268 0.005540 0.005540 0.044053 0.048780 0.040000 0.048780 0.008310 0.008310 0.008310 0.008310 0.008310 0.008310 0.008310 0.008310 0.008310 0.008310 0.019444 0.008310 0.008310 0.008310 0.008310 0.008310 0.008310 0.008310 0.008310 0.008310 0.022222 0.008310 0.022222 0.008310 0.036212 0.022222 0.008310 0.008310 0.008310 0.025000 0.013850 0.016620 0.013850 0.016620 0.027778 0.027778 0.030556 0.016620 0.016620 0.027778 0.027778 0.027778 0.016620 0.016620 0.030556 0.027778 0.016620 0.027778 0.016620 0.016620 0.016620 0.041783 0.027778 0.016620 0.013850 0.013850 0.027778 0.013850 0.013850 0.016620 0.027778 0.016620 0.027778 0.013850 0.013850 0.027778 0.041783 0.089888 0.232484 0.349570 0.195783 0.177143 0.161383
1.688.7B.X:7735652-7736000 0.192308 0.392857 0.023256 0.054441 0.051576 0.051576 0.022923 0.028653 0.022923 0.028653 0.042980 0.031519 0.040115 0.034384 0.077810 0.089552 0.019231 0.011461 0.005731 0.014327 0.034384 0.028653 0.014327 0.066372 0.048780 0.011461 0.011461 0.000000 0.008596 0.098551 0.009740 0.011461 0.065903 0.025788 0.002865 0.005731 0.008596 0.088106 0.048780 0.093333 0.048780 0.005731 0.005731 0.005731 0.005731 0.005731 0.005731 0.005731 0.005731 0.005731 0.005731 0.022923 0.005731 0.005731 0.005731 0.005731 0.005731 0.005731 0.005731 0.005731 0.005731 0.022923 0.005731 0.022923 0.005731 0.022923 0.022923 0.005731 0.005731 0.005731 0.025788 0.011461 0.014327 0.011461 0.014327 0.028653 0.028653 0.031519 0.014327 0.014327 0.028653 0.028653 0.028653 0.014327 0.014327 0.031519 0.028653 0.014327 0.028653 0.014327 0.014327 0.014327 0.045845 0.028653 0.014327 0.011461 0.011461 0.028653 0.011461 0.011461 0.014327 0.028653 0.014327 0.028653 0.011461 0.011461 0.028653 0.045845 0.085960 0.238854 0.352436 0.192771 0.206304 0.322767
1.688.7B.X:7736001-7736361 0.192308 0.383929 0.031008 0.052632 0.063712 0.049861 0.022161 0.027701 0.022161 0.041551 0.041551 0.030471 0.038781 0.047222 0.077810 0.044776 0.023077 0.011080 0.005540 0.013928 0.033241 0.025000 0.013850 0.008850 0.048780 0.011080 0.008310 0.008596 0.000000 0.092754 0.009740 0.011080 0.076056 0.022222 0.008451 0.002770 0.008310 0.035242 0.048780 0.035556 0.048780 0.005540 0.005540 0.005540 0.005540 0.005540 0.005540 0.005540 0.005540 0.005540 0.005540 0.019444 0.005540 0.005540 0.005540 0.005540 0.005540 0.005540 0.005540 0.005540 0.005540 0.019444 0.005540 0.019444 0.005540 0.033426 0.019444 0.005540 0.005540 0.005540 0.022222 0.011080 0.013850 0.011080 0.013850 0.025000 0.025000 0.027778 0.013850 0.013850 0.025000 0.025000 0.025000 0.013850 0.013850 0.027778 0.025000 0.013850 0.025000 0.013850 0.013850 0.013850 0.038997 0.025000 0.013850 0.011080 0.011080 0.025000 0.011080 0.011080 0.013850 0.025000 0.013850 0.025000 0.011080 0.011080 0.025000 0.038997 0.087079 0.229299 0.349570 0.195783 0.171429 0.319885
1.688.7B.X:7736362-7736706 0.365385 0.392857 0.093023 0.136232 0.133333 0.127536 0.104348 0.104348 0.104348 0.107246 0.121739 0.107246 0.115942 0.115942 0.107246 0.179104 0.065385 0.095652 0.089855 0.095652 0.118841 0.046377 0.092754 0.066372 0.268293 0.089855 0.089855 0.098551 0.092754 0.000000 0.038961 0.089855 0.040580 0.110145 0.092754 0.089855 0.092754 0.092511 0.268293 0.084444 0.268293 0.089855 0.089855 0.089855 0.089855 0.089855 0.089855 0.089855 0.089855 0.089855 0.089855 0.101449 0.089855 0.089855 0.089855 0.089855 0.089855 0.089855 0.089855 0.089855 0.089855 0.040580 0.089855 0.104348 0.089855 0.110145 0.104348 0.089855 0.089855 0.089855 0.107246 0.095652 0.098551 0.095652 0.098551 0.046377 0.046377 0.089855 0.098551 0.098551 0.046377 0.046377 0.046377 0.098551 0.098551 0.089855 0.046377 0.098551 0.046377 0.098551 0.098551 0.098551 0.127536 0.046377 0.098551 0.095652 0.095652 0.110145 0.095652 0.095652 0.098551 0.110145 0.098551 0.110145 0.095652 0.095652 0.110145 0.046377 0.121739 0.235669 0.179710 0.225904 0.208696 0.284058
1.688.7B.X:7736716-7737023 0.230769 0.383929 0.038760 0.045455 0.042208 0.045455 0.025974 0.032468 0.025974 0.032468 0.038961 0.035714 0.045455 0.038961 0.032468 0.220149 0.026923 0.012987 0.006494 0.019481 0.022727 0.035714 0.012987 0.238938 0.048780 0.009740 0.016234 0.009740 0.009740 0.038961 0.000000 0.016234 0.012987 0.032468 0.009740 0.006494 0.012987 0.259912 0.048780 0.262222 0.048780 0.006494 0.006494 0.006494 0.006494 0.006494 0.006494 0.006494 0.006494 0.006494 0.006494 0.012987 0.006494 0.006494 0.006494 0.006494 0.006494 0.006494 0.006494 0.006494 0.006494 0.025974 0.006494 0.025974 0.006494 0.025974 0.025974 0.006494 0.006494 0.006494 0.029221 0.012987 0.016234 0.012987 0.016234 0.032468 0.032468 0.016234 0.016234 0.016234 0.032468 0.032468 0.032468 0.016234 0.016234 0.016234 0.032468 0.016234 0.032468 0.016234 0.016234 0.016234 0.051948 0.032468 0.016234 0.012987 0.012987 0.032468 0.012987 0.012987 0.016234 0.032468 0.016234 0.032468 0.012987 0.012987 0.032468 0.051948 0.097403 0.285714 0.295455 0.185065 0.227273 0.279221
1.688.7B.X:7737024-7737384 0.192308 0.383929 0.023256 0.052632 0.063712 0.041551 0.022161 0.027701 0.022161 0.041551 0.033241 0.030471 0.038781 0.047222 0.074928 0.044776 0.023077 0.011080 0.005540 0.008357 0.033241 0.019444 0.008310 0.013274 0.048780 0.008310 0.002770 0.011461 0.011080 0.089855 0.016234 0.000000 0.078873 0.016667 0.008451 0.008310 0.002770 0.039648 0.048780 0.035556 0.048780 0.005540 0.005540 0.005540 0.005540 0.005540 0.005540 0.005540 0.005540 0.005540 0.005540 0.016667 0.005540 0.005540 0.005540 0.005540 0.005540 0.005540 0.005540 0.005540 0.005540 0.019444 0.005540 0.019444 0.005540 0.033426 0.019444 0.005540 0.005540 0.005540 0.022222 0.011080 0.013850 0.011080 0.013850 0.025000 0.025000 0.027778 0.013850 0.013850 0.025000 0.025000 0.025000 0.013850 0.013850 0.027778 0.025000 0.013850 0.025000 0.013850 0.013850 0.013850 0.038997 0.025000 0.013850 0.011080 0.011080 0.025000 0.011080 0.011080 0.013850 0.025000 0.013850 0.025000 0.011080 0.011080 0.025000 0.038997 0.087079 0.232484 0.349570 0.195783 0.174286 0.158501
1.688.7B.X:7737385-7737739 0.192308 0.383929 0.038760 0.126761 0.121127 0.112676 0.090141 0.095775 0.090141 0.095775 0.107042 0.098592 0.107042 0.081690 0.086455 0.156716 0.026923 0.078873 0.073239 0.081690 0.107042 0.053521 0.081690 0.137168 0.048780 0.078873 0.078873 0.065903 0.076056 0.040580 0.012987 0.078873 0.000000 0.092958 0.076056 0.073239 0.076056 0.088106 0.048780 0.097778 0.048780 0.073239 0.073239 0.073239 0.073239 0.073239 0.073239 0.073239 0.073239 0.073239 0.073239 0.047887 0.073239 0.073239 0.073239 0.073239 0.073239 0.073239 0.073239 0.073239 0.073239 0.090141 0.073239 0.090141 0.073239 0.070423 0.090141 0.073239 0.073239 0.073239 0.050704 0.078873 0.081690 0.078873 0.081690 0.053521 0.053521 0.039437 0.081690 0.081690 0.053521 0.053521 0.053521 0.081690 0.081690 0.039437 0.053521 0.081690 0.053521 0.081690 0.081690 0.081690 0.070423 0.053521 0.081690 0.078873 0.078873 0.053521 0.078873 0.078873 0.081690 0.053521 0.081690 0.053521 0.078873 0.078873 0.053521 0.070423 0.126761 0.229299 0.275072 0.180723 0.231429 0.291066
1.688.7B.X:7737740-7738099 0.307692 0.375000 0.069767 0.063889 0.075000 0.052778 0.033333 0.038889 0.033333 0.052778 0.044444 0.041667 0.050000 0.061111 0.089337 0.041045 0.042308 0.022222 0.016667 0.022284 0.044444 0.033333 0.019444 0.008850 0.121951 0.025000 0.019444 0.025788 0.022222 0.110145 0.032468 0.016667 0.092958 0.000000 0.022535 0.019444 0.013889 0.035242 0.121951 0.040000 0.121951 0.016667 0.016667 0.016667 0.016667 0.016667 0.016667 0.016667 0.016667 0.016667 0.016667 0.030556 0.016667 0.016667 0.016667 0.016667 0.016667 0.016667 0.016667 0.016667 0.016667 0.033333 0.016667 0.033333 0.016667 0.047354 0.033333 0.016667 0.016667 0.016667 0.036111 0.022222 0.025000 0.022222 0.025000 0.038889 0.038889 0.041667 0.025000 0.025000 0.038889 0.038889 0.038889 0.025000 0.025000 0.041667 0.038889 0.025000 0.038889 0.025000 0.025000 0.025000 0.052925 0.038889 0.025000 0.022222 0.022222 0.038889 0.022222 0.022222 0.025000 0.038889 0.025000 0.038889 0.022222 0.022222 0.038889 0.052925 0.101124 0.229299 0.329513 0.231928 0.171429 0.334294
1.688.7B.X:7738105-7738459 0.192308 0.392857 0.023256 0.050704 0.056338 0.047887 0.019718 0.025352 0.019718 0.033803 0.039437 0.028169 0.036620 0.042254 0.077810 0.063433 0.019231 0.008451 0.002817 0.011268 0.030986 0.025352 0.011268 0.035398 0.048780 0.008451 0.011268 0.002865 0.008451 0.092754 0.009740 0.008451 0.076056 0.022535 0.000000 0.005634 0.005634 0.057269 0.048780 0.062222 0.048780 0.002817 0.002817 0.002817 0.002817 0.002817 0.002817 0.002817 0.002817 0.002817 0.002817 0.019718 0.002817 0.002817 0.002817 0.002817 0.002817 0.002817 0.002817 0.002817 0.002817 0.019718 0.002817 0.019718 0.002817 0.030986 0.019718 0.002817 0.002817 0.002817 0.022535 0.008451 0.011268 0.008451 0.011268 0.025352 0.025352 0.028169 0.011268 0.011268 0.025352 0.025352 0.025352 0.011268 0.011268 0.028169 0.025352 0.011268 0.025352 0.011268 0.011268 0.011268 0.042254 0.025352 0.011268 0.008451 0.008451 0.025352 0.008451 0.008451 0.011268 0.025352 0.011268 0.025352 0.008451 0.008451 0.025352 0.042254 0.092958 0.229299 0.352436 0.192771 0.188571 0.319885
1.688.7B.X:7738460-7738820 0.192308 0.383929 0.023256 0.049861 0.060942 0.047091 0.019391 0.024931 0.019391 0.038781 0.038781 0.027701 0.036011 0.044444 0.074928 0.041045 0.019231 0.008310 0.002770 0.011142 0.030471 0.022222 0.011080 0.008850 0.048780 0.008310 0.005540 0.005731 0.002770 0.089855 0.006494 0.008310 0.073239 0.019444 0.005634 0.000000 0.005540 0.035242 0.048780 0.035556 0.048780 0.002770 0.002770 0.002770 0.002770 0.002770 0.002770 0.002770 0.002770 0.002770 0.002770 0.016667 0.002770 0.002770 0.002770 0.002770 0.002770 0.002770 0.002770 0.002770 0.002770 0.016667 0.002770 0.016667 0.002770 0.030641 0.016667 0.002770 0.002770 0.002770 0.019444 0.008310 0.011080 0.008310 0.011080 0.022222 0.022222 0.025000 0.011080 0.011080 0.022222 0.022222 0.022222 0.011080 0.011080 0.025000 0.022222 0.011080 0.022222 0.011080 0.011080 0.011080 0.036212 0.022222 0.011080 0.008310 0.008310 0.022222 0.008310 0.008310 0.011080 0.022222 0.011080 0.022222 0.008310 0.008310 0.022222 0.036212 0.084270 0.226115 0.346705 0.189759 0.171429 0.317003
1.688.7B.X:7738821-7739181 0.192308 0.375000 0.023256 0.049861 0.060942 0.038781 0.019391 0.024931 0.019391 0.038781 0.030471 0.027701 0.036011 0.044444 0.072046 0.041045 0.019231 0.008310 0.002770 0.005571 0.030471 0.016667 0.005540 0.008850 0.048780 0.011080 0.005540 0.008596 0.008310 0.092754 0.012987 0.002770 0.076056 0.013889 0.005634 0.005540 0.000000 0.035242 0.048780 0.040000 0.048780 0.002770 0.002770 0.002770 0.002770 0.002770 0.002770 0.002770 0.002770 0.002770 0.002770 0.013889 0.002770 0.002770 0.002770 0.002770 0.002770 0.002770 0.002770 0.002770 0.002770 0.016667 0.002770 0.016667 0.002770 0.030641 0.016667 0.002770 0.002770 0.002770 0.019444 0.008310 0.011080 0.008310 0.011080 0.022222 0.022222 0.025000 0.011080 0.011080 0.022222 0.022222 0.022222 0.011080 0.011080 0.025000 0.022222 0.011080 0.022222 0.011080 0.011080 0.011080 0.036212 0.022222 0.011080 0.008310 0.008310 0.022222 0.008310 0.008310 0.011080 0.022222 0.011080 0.022222 0.008310 0.008310 0.022222 0.036212 0.084270 0.229299 0.346705 0.192771 0.171429 0.317003
