136
1.688.11E.X:13272886-13273112 0.000000 0.105727 0.105727 0.096916 0.110132 0.092511 0.118943 0.092511 0.092511 0.092511 0.101322 0.092511 0.635135 0.035294 0.092511 0.635135 0.035294 0.092511 0.635135 0.035294 0.110132 0.096916 0.621622 0.035294 0.101322 0.105727 0.683453 0.047619 0.635135 0.035294 0.092511 0.096916 0.127753 0.105727 0.105727 0.614286 0.047619 0.652778 0.058824 0.114537 0.136564 0.110132 0.105727 0.614286 0.047619 0.145374 0.096916 0.127753 0.118943 0.136564 0.682819 0.120253 0.145374 0.145374 0.295154 0.334802 0.123348 0.171806 0.127753 0.237885 0.118943 0.096916 0.096916 0.096916 0.123348 0.096916 0.101322 0.127753 0.123348 0.096916 0.123348 0.154185 0.101322 0.127753 0.127753 0.101322 0.149780 0.101322 0.123348 0.101322 0.176211 0.101322 0.096916 0.101322 0.096916 0.101322 0.101322 0.101322 0.101322 0.101322 0.101322 0.101322 0.101322 0.101322 0.101322 0.127753 0.127753 0.123348 0.101322 0.237885 0.321586 0.242291 0.193833 0.105727 0.396396 0.387665 0.211454 0.145374 0.154185 0.189427 0.273128 0.171806 0.312775 0.114537 0.118943 0.123348 0.361233 0.105727 0.127753 0.127753 0.123348 0.123348 0.118943 0.180617 0.127753 0.118943 0.114537 0.149780 0.145374 0.096916 0.118943 0.154185 0.096916 0.123348 0.343612 0.702381
1.688.11E.X:13273113-13273473 0.105727 0.000000 0.027701 0.050279 0.093220 0.101695 0.048023 0.019718 0.025281 0.025281 0.045070 0.024931 0.000000 0.011765 0.024931 0.000000 0.011765 0.019391 0.000000 0.011765 0.036011 0.093567 0.013514 0.011765 0.047887 0.047091 0.064748 0.015873 0.000000 0.011765 0.042135 0.030471 0.047091 0.027701 0.061281 0.028571 0.015873 0.076389 0.035294 0.044321 0.047222 0.036011 0.093023 0.028571 0.015873 0.052778 0.024931 0.114613 0.103352 0.097765 0.113537 0.107595 0.136232 0.153846 0.111111 0.125348 0.067039 0.159420 0.083799 0.081006 0.139205 0.058496 0.081232 0.050139 0.069832 0.052925 0.033333 0.087079 0.050139 0.038889 0.041667 0.069832 0.088825 0.050139 0.075630 0.061453 0.094972 0.038889 0.055710 0.050139 0.092697 0.050139 0.067039 0.058659 0.067039 0.075630 0.041667 0.064426 0.038889 0.061453 0.041667 0.041667 0.024931 0.050139 0.033333 0.061453 0.058659 0.090141 0.038889 0.107955 0.210227 0.185596 0.135734 0.078431 0.337838 0.216617 0.154930 0.164265 0.106443 0.135593 0.111748 0.123596 0.156250 0.133903 0.052778 0.072222 0.040404 0.040115 0.071633 0.108571 0.052632 0.058172 0.122807 0.042614 0.058172 0.041551 0.052632 0.080556 0.080332 0.045845 0.066667 0.107042 0.036011 0.068966 0.174194 0.267857
1.688.11E.X:13273474-13273834 0.105727 0.027701 0.000000 0.069832 0.098870 0.104520 0.118644 0.028169 0.036517 0.033708 0.053521 0.027701 0.020270 0.011765 0.027701 0.020270 0.011765 0.022161 0.020270 0.011765 0.044321 0.102339 0.020270 0.011765 0.045070 0.044321 0.043165 0.015873 0.020270 0.011765 0.039326 0.022161 0.049861 0.030471 0.064067 0.007143 0.015873 0.083333 0.035294 0.041551 0.055556 0.038781 0.098837 0.007143 0.015873 0.061111 0.022161 0.123209 0.097765 0.103352 0.117904 0.107595 0.144928 0.150997 0.116667 0.130919 0.061453 0.171014 0.086592 0.083799 0.142045 0.061281 0.084034 0.052925 0.072626 0.055710 0.033333 0.092697 0.052925 0.041667 0.044444 0.069832 0.088825 0.050139 0.075630 0.061453 0.094972 0.038889 0.058496 0.050139 0.098315 0.050139 0.069832 0.058659 0.069832 0.075630 0.041667 0.064426 0.038889 0.061453 0.041667 0.041667 0.024931 0.050139 0.033333 0.061453 0.058659 0.092958 0.038889 0.102273 0.215909 0.185596 0.132964 0.081232 0.342342 0.225519 0.160563 0.170029 0.106443 0.138418 0.117479 0.120787 0.173295 0.133903 0.055556 0.066667 0.050505 0.048711 0.074499 0.108571 0.049861 0.055402 0.119883 0.065341 0.063712 0.055402 0.060942 0.083333 0.077562 0.106017 0.066667 0.104225 0.036011 0.068966 0.174194 0.261905
1.688.11E.X:13273835-13274192 0.096916 0.050279 0.069832 0.000000 0.059322 0.064972 0.076271 0.056338 0.064607 0.064607 0.084507 0.061453 0.121622 0.000000 0.061453 0.121622 0.000000 0.053073 0.121622 0.000000 0.069832 0.099415 0.135135 0.000000 0.067606 0.106145 0.179856 0.000000 0.121622 0.000000 0.064607 0.064246 0.081006 0.061453 0.064246 0.142857 0.000000 0.125000 0.023529 0.072626 0.083799 0.064246 0.098837 0.142857 0.000000 0.089385 0.058659 0.126074 0.108939 0.125698 0.139738 0.101266 0.136232 0.122507 0.145251 0.150838 0.089385 0.150725 0.122905 0.122905 0.110795 0.078212 0.109244 0.072626 0.108939 0.075419 0.075419 0.089888 0.089385 0.072626 0.075419 0.114525 0.083095 0.081006 0.081232 0.092179 0.125698 0.078212 0.092179 0.067039 0.132022 0.078212 0.078212 0.092179 0.103352 0.106443 0.078212 0.061625 0.078212 0.092179 0.064246 0.078212 0.061453 0.078212 0.072626 0.078212 0.072626 0.084507 0.078212 0.139205 0.213068 0.181564 0.159218 0.106443 0.346847 0.210682 0.157746 0.167147 0.123249 0.169492 0.123209 0.168539 0.193182 0.125356 0.081006 0.114525 0.084175 0.063037 0.111748 0.105714 0.092179 0.097765 0.122807 0.090909 0.092179 0.081006 0.086592 0.111732 0.106145 0.091691 0.081006 0.123944 0.075419 0.114943 0.154839 0.315476
1.688.11E.X:13274193-13274546 0.110132 0.093220 0.098870 0.059322 0.000000 0.019774 0.033898 0.104520 0.104520 0.110169 0.121469 0.110169 0.087838 0.023529 0.110169 0.087838 0.023529 0.104520 0.087838 0.023529 0.124294 0.046784 0.087838 0.023529 0.059322 0.048023 0.143885 0.015873 0.087838 0.023529 0.050847 0.107345 0.132768 0.112994 0.050847 0.107143 0.015873 0.118056 0.047059 0.121469 0.064972 0.050847 0.040698 0.107143 0.015873 0.070621 0.110169 0.085960 0.112994 0.107345 0.240175 0.113924 0.133333 0.071225 0.200565 0.163842 0.096045 0.153623 0.107345 0.104520 0.071023 0.064972 0.093220 0.110169 0.093220 0.056497 0.115819 0.104520 0.135593 0.056497 0.124294 0.093220 0.042980 0.127119 0.076271 0.076271 0.158192 0.056497 0.141243 0.045198 0.112994 0.110169 0.104520 0.073446 0.090395 0.101695 0.059322 0.070621 0.118644 0.124294 0.098870 0.059322 0.104520 0.110169 0.050847 0.101695 0.062147 0.093220 0.118644 0.125000 0.184659 0.200565 0.206215 0.081921 0.342342 0.207715 0.149718 0.155620 0.138418 0.166667 0.148997 0.152542 0.215909 0.082621 0.070621 0.152542 0.087542 0.117479 0.071633 0.051429 0.132768 0.138418 0.061404 0.085227 0.135593 0.124294 0.132768 0.104520 0.084746 0.045845 0.132768 0.107345 0.121469 0.114943 0.109677 0.261905
1.688.11E.X:13274547-13274900 0.092511 0.101695 0.104520 0.064972 0.019774 0.000000 0.016949 0.090395 0.090395 0.096045 0.101695 0.093220 0.087838 0.000000 0.093220 0.087838 0.000000 0.090395 0.087838 0.000000 0.107345 0.026316 0.087838 0.000000 0.053672 0.107345 0.143885 0.000000 0.087838 0.000000 0.036723 0.093220 0.118644 0.098870 0.036723 0.107143 0.000000 0.118056 0.023529 0.048023 0.053672 0.039548 0.026163 0.107143 0.000000 0.059322 0.096045 0.074499 0.101695 0.096045 0.240175 0.088608 0.118841 0.056980 0.189266 0.152542 0.081921 0.142029 0.093220 0.093220 0.059659 0.053672 0.079096 0.096045 0.079096 0.042373 0.107345 0.096045 0.121469 0.042373 0.110169 0.084746 0.034384 0.118644 0.067797 0.110169 0.149718 0.048023 0.127119 0.036723 0.101695 0.101695 0.090395 0.064972 0.076271 0.093220 0.050847 0.062147 0.110169 0.115819 0.090395 0.050847 0.096045 0.101695 0.042373 0.093220 0.053672 0.081921 0.110169 0.116477 0.173295 0.189266 0.189266 0.073446 0.337838 0.201780 0.144068 0.144092 0.127119 0.158192 0.137536 0.135593 0.207386 0.074074 0.059322 0.138418 0.151515 0.103152 0.060172 0.042857 0.121469 0.127119 0.052632 0.085227 0.118644 0.124294 0.112994 0.084746 0.062147 0.031519 0.118644 0.093220 0.112994 0.100575 0.100000 0.250000
1.688.11E.X:13274901-13275254 0.118943 0.048023 0.118644 0.076271 0.033898 0.016949 0.000000 0.101695 0.101695 0.107345 0.118644 0.036723 0.087838 0.000000 0.036723 0.087838 0.000000 0.031073 0.087838 0.000000 0.112994 0.043860 0.087838 0.000000 0.056497 0.036723 0.143885 0.000000 0.087838 0.000000 0.048023 0.104520 0.107345 0.039548 0.039548 0.107143 0.000000 0.118056 0.023529 0.033898 0.036723 0.025424 0.029070 0.107143 0.000000 0.042373 0.036723 0.083095 0.110169 0.081921 0.235808 0.113924 0.127536 0.062678 0.197740 0.161017 0.090395 0.144928 0.104520 0.101695 0.065341 0.062147 0.090395 0.067797 0.090395 0.053672 0.053672 0.107345 0.129944 0.053672 0.053672 0.096045 0.045845 0.073446 0.079096 0.079096 0.161017 0.059322 0.138418 0.048023 0.110169 0.073446 0.101695 0.076271 0.087571 0.104520 0.062147 0.073446 0.059322 0.127119 0.101695 0.062147 0.107345 0.073446 0.053672 0.104520 0.062147 0.093220 0.059322 0.127841 0.178977 0.189266 0.200565 0.084746 0.355856 0.210682 0.146893 0.146974 0.135593 0.161017 0.140401 0.146893 0.213068 0.074074 0.062147 0.090395 0.087542 0.106017 0.065903 0.054286 0.064972 0.070621 0.064327 0.096591 0.129944 0.067797 0.124294 0.093220 0.076271 0.042980 0.129944 0.107345 0.053672 0.114943 0.103226 0.250000
1.688.11E.X:13275261-13275615 0.092511 0.019718 0.028169 0.056338 0.104520 0.090395 0.101695 0.000000 0.005634 0.005634 0.036620 0.011268 0.054054 0.000000 0.011268 0.054054 0.000000 0.005634 0.054054 0.000000 0.025352 0.087719 0.054054 0.000000 0.056338 0.081690 0.107914 0.000000 0.054054 0.000000 0.042254 0.016901 0.033803 0.014085 0.053521 0.071429 0.000000 0.097222 0.023529 0.030986 0.036620 0.022535 0.081395 0.071429 0.000000 0.042254 0.011268 0.103152 0.095775 0.092958 0.131004 0.088608 0.124638 0.142450 0.101408 0.118310 0.059155 0.147826 0.078873 0.078873 0.127841 0.047887 0.076056 0.028169 0.061972 0.042254 0.028169 0.081690 0.042254 0.028169 0.028169 0.064789 0.083095 0.033803 0.064789 0.047887 0.078873 0.033803 0.047887 0.047887 0.095775 0.033803 0.059155 0.045070 0.056338 0.061972 0.033803 0.053521 0.030986 0.047887 0.033803 0.033803 0.014085 0.033803 0.028169 0.047887 0.061972 0.081690 0.030986 0.116477 0.196023 0.171831 0.121127 0.078873 0.337838 0.207715 0.169014 0.152738 0.101408 0.141243 0.100287 0.123944 0.170455 0.125356 0.042254 0.064789 0.053872 0.028653 0.074499 0.102857 0.042254 0.047887 0.114035 0.071023 0.047887 0.045070 0.042254 0.067606 0.067606 0.091691 0.056338 0.112676 0.028169 0.077586 0.164516 0.291667
1.688.11E.X:13275621-13275976 0.092511 0.025281 0.036517 0.064607 0.104520 0.090395 0.101695 0.005634 0.000000 0.005618 0.039437 0.016854 0.060811 0.000000 0.016854 0.060811 0.000000 0.011236 0.060811 0.000000 0.030899 0.096491 0.060811 0.000000 0.061972 0.081461 0.122302 0.000000 0.060811 0.000000 0.050562 0.025281 0.039326 0.019663 0.058989 0.085714 0.000000 0.111111 0.023529 0.039326 0.042135 0.028090 0.087209 0.085714 0.000000 0.047753 0.016854 0.111748 0.103933 0.101124 0.131004 0.088608 0.133333 0.142450 0.106742 0.123596 0.067416 0.153623 0.084270 0.084270 0.133523 0.053371 0.081461 0.033708 0.067416 0.047753 0.033708 0.089888 0.047753 0.033708 0.033708 0.070225 0.091691 0.039326 0.070225 0.053371 0.084270 0.039326 0.053371 0.053371 0.101124 0.039326 0.067416 0.050562 0.061798 0.067416 0.039326 0.058989 0.036517 0.053371 0.039326 0.039326 0.019663 0.039326 0.033708 0.053371 0.067416 0.084507 0.036517 0.119318 0.201705 0.179775 0.126404 0.081461 0.337838 0.210682 0.177465 0.158501 0.106742 0.144068 0.106017 0.129213 0.173295 0.125356 0.047753 0.070225 0.057239 0.034384 0.077364 0.111429 0.047753 0.053371 0.122807 0.073864 0.053371 0.050562 0.047753 0.073034 0.073034 0.100287 0.064607 0.115493 0.033708 0.080460 0.174194 0.297619
1.688.11E.X:13275982-13276337 0.092511 0.025281 0.033708 0.064607 0.110169 0.096045 0.107345 0.005634 0.005618 0.000000 0.039437 0.016854 0.060811 0.000000 0.016854 0.060811 0.000000 0.011236 0.060811 0.000000 0.030899 0.093567 0.060811 0.000000 0.059155 0.039326 0.115108 0.000000 0.060811 0.000000 0.047753 0.022472 0.039326 0.019663 0.058989 0.078571 0.000000 0.111111 0.023529 0.036517 0.042135 0.028090 0.087209 0.078571 0.000000 0.047753 0.016854 0.108883 0.101124 0.098315 0.135371 0.088608 0.130435 0.148148 0.106742 0.123596 0.064607 0.147826 0.084270 0.084270 0.133523 0.053371 0.078652 0.033708 0.067416 0.047753 0.033708 0.089888 0.047753 0.033708 0.033708 0.070225 0.088825 0.039326 0.070225 0.053371 0.084270 0.039326 0.053371 0.053371 0.101124 0.039326 0.067416 0.050562 0.061798 0.067416 0.039326 0.058989 0.036517 0.053371 0.039326 0.039326 0.019663 0.039326 0.033708 0.053371 0.067416 0.084507 0.036517 0.119318 0.201705 0.179775 0.126404 0.081461 0.337838 0.213650 0.171831 0.158501 0.106742 0.141243 0.106017 0.123596 0.170455 0.131054 0.047753 0.070225 0.057239 0.034384 0.077364 0.108571 0.047753 0.053371 0.119883 0.073864 0.053371 0.050562 0.047753 0.075843 0.073034 0.097421 0.067416 0.118310 0.033708 0.077586 0.170968 0.291667
1.688.11E.X:13276343-13276697 0.101322 0.045070 0.053521 0.084507 0.121469 0.101695 0.118644 0.036620 0.039437 0.039437 0.000000 0.033803 0.121622 0.011765 0.033803 0.121622 0.011765 0.030986 0.121622 0.011765 0.050704 0.076023 0.121622 0.011765 0.073239 0.039437 0.115108 0.015873 0.121622 0.011765 0.059155 0.033803 0.050704 0.039437 0.076056 0.092857 0.015873 0.097222 0.035294 0.050704 0.070423 0.050704 0.058140 0.092857 0.015873 0.076056 0.036620 0.134670 0.090141 0.104225 0.170306 0.094937 0.142029 0.145299 0.129577 0.143662 0.067606 0.168116 0.084507 0.092958 0.130682 0.042254 0.067606 0.053521 0.067606 0.047887 0.053521 0.092958 0.067606 0.053521 0.053521 0.070423 0.108883 0.059155 0.064789 0.047887 0.084507 0.059155 0.073239 0.047887 0.095775 0.059155 0.061972 0.045070 0.064789 0.067606 0.059155 0.076056 0.056338 0.073239 0.042254 0.059155 0.039437 0.059155 0.053521 0.056338 0.081690 0.081690 0.056338 0.125000 0.221591 0.183099 0.135211 0.101408 0.351351 0.216617 0.166197 0.167147 0.129577 0.172316 0.134670 0.138028 0.184659 0.139601 0.061972 0.092958 0.084175 0.063037 0.088825 0.108571 0.064789 0.076056 0.125731 0.093750 0.070423 0.073239 0.064789 0.095775 0.087324 0.106017 0.084507 0.132394 0.053521 0.094828 0.174194 0.309524
1.688.11E.X:13276698-13277058 0.092511 0.024931 0.027701 0.061453 0.110169 0.093220 0.036723 0.011268 0.016854 0.016854 0.033803 0.000000 0.020270 0.000000 0.000000 0.020270 0.000000 0.005540 0.020270 0.000000 0.024931 0.084795 0.020270 0.000000 0.042254 0.033241 0.057554 0.000000 0.020270 0.000000 0.028090 0.016620 0.027701 0.013850 0.047354 0.021429 0.000000 0.083333 0.023529 0.033241 0.041667 0.024931 0.087209 0.021429 0.000000 0.047222 0.011080 0.111748 0.092179 0.094972 0.109170 0.088608 0.130435 0.142450 0.102778 0.114206 0.053073 0.156522 0.069832 0.069832 0.130682 0.047354 0.067227 0.036212 0.055866 0.038997 0.025000 0.084270 0.036212 0.025000 0.027778 0.061453 0.083095 0.041783 0.067227 0.053073 0.086592 0.030556 0.041783 0.041783 0.081461 0.041783 0.053073 0.050279 0.053073 0.067227 0.033333 0.056022 0.030556 0.053073 0.033333 0.033333 0.016620 0.041783 0.025000 0.053073 0.050279 0.078873 0.030556 0.099432 0.204545 0.171745 0.121884 0.070028 0.342342 0.213650 0.152113 0.155620 0.092437 0.127119 0.103152 0.109551 0.153409 0.128205 0.041667 0.061111 0.037037 0.031519 0.060172 0.102857 0.041551 0.047091 0.114035 0.053977 0.047091 0.044321 0.041551 0.066667 0.063712 0.031519 0.055556 0.095775 0.027701 0.063218 0.167742 0.250000
1.688.11E.X:13277059-13277206 0.635135 0.000000 0.020270 0.121622 0.087838 0.087838 0.087838 0.054054 0.060811 0.060811 0.121622 0.020270 0.000000 0.694118 0.020270 0.000000 0.694118 0.013514 0.000000 0.694118 0.013514 0.189189 0.013514 0.694118 0.108108 0.060811 0.064748 0.714286 0.000000 0.694118 0.101351 0.027027 0.033784 0.013514 0.108108 0.028571 0.714286 0.076389 0.717647 0.027027 0.006757 0.013514 0.155405 0.028571 0.714286 0.006757 0.013514 0.148649 0.135135 0.114865 0.087838 0.722973 0.168919 0.148649 0.114865 0.094595 0.094595 0.168919 0.094595 0.081081 0.175676 0.108108 0.141892 0.054054 0.067568 0.101351 0.054054 0.128378 0.054054 0.020270 0.027027 0.074324 0.148649 0.060811 0.135135 0.094595 0.101351 0.027027 0.027027 0.101351 0.060811 0.060811 0.101351 0.128378 0.101351 0.135135 0.033784 0.108108 0.067568 0.094595 0.074324 0.033784 0.027027 0.060811 0.013514 0.094595 0.081081 0.141892 0.067568 0.060811 0.398649 0.141892 0.101351 0.175676 0.702703 0.405405 0.209459 0.270270 0.148649 0.222973 0.162162 0.155405 0.141892 0.195946 0.067568 0.087838 0.047297 0.108108 0.148649 0.141892 0.047297 0.054054 0.195946 0.033784 0.040541 0.060811 0.040541 0.040541 0.060811 0.148649 0.087838 0.256757 0.040541 0.162162 0.141892 0.256757
1.688.11E.X:13277209-13277293 0.035294 0.011765 0.011765 0.000000 0.023529 0.000000 0.000000 0.000000 0.000000 0.000000 0.011765 0.000000 0.694118 0.000000 0.000000 0.694118 0.000000 0.000000 0.694118 0.000000 0.035294 0.011765 0.717647 0.000000 0.023529 0.023529 0.705882 0.000000 0.694118 0.000000 0.000000 0.000000 0.023529 0.023529 0.023529 0.729412 0.000000 0.717647 0.023529 0.000000 0.000000 0.000000 0.023529 0.729412 0.000000 0.000000 0.000000 0.070588 0.082353 0.070588 0.588235 0.000000 0.070588 0.000000 0.000000 0.200000 0.000000 0.070588 0.011765 0.000000 0.000000 0.000000 0.000000 0.000000 0.070588 0.000000 0.000000 0.070588 0.000000 0.000000 0.000000 0.070588 0.000000 0.070588 0.070588 0.000000 0.070588 0.000000 0.070588 0.000000 0.070588 0.000000 0.000000 0.000000 0.000000 0.000000 0.000000 0.000000 0.000000 0.000000 0.000000 0.000000 0.000000 0.000000 0.000000 0.070588 0.011765 0.000000 0.000000 0.176471 0.129412 0.176471 0.070588 0.000000 0.305882 0.141176 0.141176 0.094118 0.023529 0.023529 0.082353 0.023529 0.164706 0.023529 0.023529 0.023529 0.658824 0.035294 0.011765 0.023529 0.023529 0.023529 0.023529 0.188235 0.035294 0.023529 0.011765 0.047059 0.035294 0.011765 0.011765 0.011765 0.011765 0.023529 0.094118 0.717647
1.688.11E.X:13277294-13277654 0.092511 0.024931 0.027701 0.061453 0.110169 0.093220 0.036723 0.011268 0.016854 0.016854 0.033803 0.000000 0.020270 0.000000 0.000000 0.020270 0.000000 0.005540 0.020270 0.000000 0.024931 0.084795 0.020270 0.000000 0.042254 0.033241 0.057554 0.000000 0.020270 0.000000 0.028090 0.016620 0.027701 0.013850 0.047354 0.021429 0.000000 0.083333 0.023529 0.033241 0.041667 0.024931 0.087209 0.021429 0.000000 0.047222 0.011080 0.111748 0.092179 0.094972 0.109170 0.088608 0.130435 0.142450 0.102778 0.114206 0.053073 0.156522 0.069832 0.069832 0.130682 0.047354 0.067227 0.036212 0.055866 0.038997 0.025000 0.084270 0.036212 0.025000 0.027778 0.061453 0.083095 0.041783 0.067227 0.053073 0.086592 0.030556 0.041783 0.041783 0.081461 0.041783 0.053073 0.050279 0.053073 0.067227 0.033333 0.056022 0.030556 0.053073 0.033333 0.033333 0.016620 0.041783 0.025000 0.053073 0.050279 0.078873 0.030556 0.099432 0.204545 0.171745 0.121884 0.070028 0.342342 0.213650 0.152113 0.155620 0.092437 0.127119 0.103152 0.109551 0.153409 0.128205 0.041667 0.061111 0.037037 0.031519 0.060172 0.102857 0.041551 0.047091 0.114035 0.053977 0.047091 0.044321 0.041551 0.066667 0.063712 0.031519 0.055556 0.095775 0.027701 0.063218 0.167742 0.250000
1.688.11E.X:13277655-13277802 0.635135 0.000000 0.020270 0.121622 0.087838 0.087838 0.087838 0.054054 0.060811 0.060811 0.121622 0.020270 0.000000 0.694118 0.020270 0.000000 0.694118 0.013514 0.000000 0.694118 0.013514 0.189189 0.013514 0.694118 0.108108 0.060811 0.064748 0.714286 0.000000 0.694118 0.101351 0.027027 0.033784 0.013514 0.108108 0.028571 0.714286 0.076389 0.717647 0.027027 0.006757 0.013514 0.155405 0.028571 0.714286 0.006757 0.013514 0.148649 0.135135 0.114865 0.087838 0.722973 0.168919 0.148649 0.114865 0.094595 0.094595 0.168919 0.094595 0.081081 0.175676 0.108108 0.141892 0.054054 0.067568 0.101351 0.054054 0.128378 0.054054 0.020270 0.027027 0.074324 0.148649 0.060811 0.135135 0.094595 0.101351 0.027027 0.027027 0.101351 0.060811 0.060811 0.101351 0.128378 0.101351 0.135135 0.033784 0.108108 0.067568 0.094595 0.074324 0.033784 0.027027 0.060811 0.013514 0.094595 0.081081 0.141892 0.067568 0.060811 0.398649 0.141892 0.101351 0.175676 0.702703 0.405405 0.209459 0.270270 0.148649 0.222973 0.162162 0.155405 0.141892 0.195946 0.067568 0.087838 0.047297 0.108108 0.148649 0.141892 0.047297 0.054054 0.195946 0.033784 0.040541 0.060811 0.040541 0.040541 0.060811 0.148649 0.087838 0.256757 0.040541 0.162162 0.141892 0.256757
1.688.11E.X:13277805-13277889 0.035294 0.011765 0.011765 0.000000 0.023529 0.000000 0.000000 0.000000 0.000000 0.000000 0.011765 0.000000 0.694118 0.000000 0.000000 0.694118 0.000000 0.000000 0.694118 0.000000 0.035294 0.011765 0.717647 0.000000 0.023529 0.023529 0.705882 0.000000 0.694118 0.000000 0.000000 0.000000 0.023529 0.023529 0.023529 0.729412 0.000000 0.717647 0.023529 0.000000 0.000000 0.000000 0.023529 0.729412 0.000000 0.000000 0.000000 0.070588 0.082353 0.070588 0.588235 0.000000 0.070588 0.000000 0.000000 0.200000 0.000000 0.070588 0.011765 0.000000 0.000000 0.000000 0.000000 0.000000 0.070588 0.000000 0.000000 0.070588 0.000000 0.000000 0.000000 0.070588 0.000000 0.070588 0.070588 0.000000 0.070588 0.000000 0.070588 0.000000 0.070588 0.000000 0.000000 0.000000 0.000000 0.000000 0.000000 0.000000 0.000000 0.000000 0.000000 0.000000 0.000000 0.000000 0.000000 0.070588 0.011765 0.000000 0.000000 0.176471 0.129412 0.176471 0.070588 0.000000 0.305882 0.141176 0.141176 0.094118 0.023529 0.023529 0.082353 0.023529 0.164706 0.023529 0.023529 0.023529 0.658824 0.035294 0.011765 0.023529 0.023529 0.023529 0.023529 0.188235 0.035294 0.023529 0.011765 0.047059 0.035294 0.011765 0.011765 0.011765 0.011765 0.023529 0.094118 0.717647
1.688.11E.X:13277890-13278250 0.092511 0.019391 0.022161 0.053073 0.104520 0.090395 0.031073 0.005634 0.011236 0.011236 0.030986 0.005540 0.013514 0.000000 0.005540 0.013514 0.000000 0.000000 0.013514 0.000000 0.019391 0.081871 0.013514 0.000000 0.036620 0.027701 0.050360 0.000000 0.013514 0.000000 0.022472 0.011080 0.027701 0.008310 0.041783 0.014286 0.000000 0.076389 0.023529 0.024931 0.033333 0.016620 0.081395 0.014286 0.000000 0.038889 0.005540 0.103152 0.083799 0.086592 0.096070 0.088608 0.124638 0.136752 0.094444 0.108635 0.047486 0.147826 0.064246 0.064246 0.122159 0.038997 0.061625 0.030641 0.050279 0.033426 0.019444 0.078652 0.030641 0.019444 0.022222 0.055866 0.077364 0.036212 0.061625 0.047486 0.081006 0.025000 0.036212 0.036212 0.075843 0.036212 0.047486 0.044693 0.047486 0.061625 0.027778 0.050420 0.025000 0.047486 0.027778 0.027778 0.011080 0.036212 0.019444 0.047486 0.044693 0.073239 0.025000 0.093750 0.196023 0.163435 0.113573 0.064426 0.337838 0.204748 0.146479 0.146974 0.084034 0.118644 0.094556 0.103933 0.147727 0.119658 0.033333 0.055556 0.026936 0.022923 0.051576 0.097143 0.036011 0.041551 0.108187 0.048295 0.041551 0.038781 0.036011 0.058333 0.060942 0.085960 0.050000 0.090141 0.022161 0.057471 0.158065 0.244048
1.688.11E.X:13278251-13278398 0.635135 0.000000 0.020270 0.121622 0.087838 0.087838 0.087838 0.054054 0.060811 0.060811 0.121622 0.020270 0.000000 0.694118 0.020270 0.000000 0.694118 0.013514 0.000000 0.694118 0.013514 0.189189 0.013514 0.694118 0.108108 0.060811 0.064748 0.714286 0.000000 0.694118 0.101351 0.027027 0.033784 0.013514 0.108108 0.028571 0.714286 0.076389 0.717647 0.027027 0.006757 0.013514 0.155405 0.028571 0.714286 0.006757 0.013514 0.148649 0.135135 0.114865 0.087838 0.722973 0.168919 0.148649 0.114865 0.094595 0.094595 0.168919 0.094595 0.081081 0.175676 0.108108 0.141892 0.054054 0.067568 0.101351 0.054054 0.128378 0.054054 0.020270 0.027027 0.074324 0.148649 0.060811 0.135135 0.094595 0.101351 0.027027 0.027027 0.101351 0.060811 0.060811 0.101351 0.128378 0.101351 0.135135 0.033784 0.108108 0.067568 0.094595 0.074324 0.033784 0.027027 0.060811 0.013514 0.094595 0.081081 0.141892 0.067568 0.060811 0.398649 0.141892 0.101351 0.175676 0.702703 0.405405 0.209459 0.270270 0.148649 0.222973 0.162162 0.155405 0.141892 0.195946 0.067568 0.087838 0.047297 0.108108 0.148649 0.141892 0.047297 0.054054 0.195946 0.033784 0.040541 0.060811 0.040541 0.040541 0.060811 0.148649 0.087838 0.256757 0.040541 0.162162 0.141892 0.256757
1.688.11E.X:13278401-13278485 0.035294 0.011765 0.011765 0.000000 0.023529 0.000000 0.000000 0.000000 0.000000 0.000000 0.011765 0.000000 0.694118 0.000000 0.000000 0.694118 0.000000 0.000000 0.694118 0.000000 0.035294 0.011765 0.717647 0.000000 0.023529 0.023529 0.705882 0.000000 0.694118 0.000000 0.000000 0.000000 0.023529 0.023529 0.023529 0.729412 0.000000 0.717647 0.023529 0.000000 0.000000 0.000000 0.023529 0.729412 0.000000 0.000000 0.000000 0.070588 0.082353 0.070588 0.588235 0.000000 0.070588 0.000000 0.000000 0.200000 0.000000 0.070588 0.011765 0.000000 0.000000 0.000000 0.000000 0.000000 0.070588 0.000000 0.000000 0.070588 0.000000 0.000000 0.000000 0.070588 0.000000 0.070588 0.070588 0.000000 0.070588 0.000000 0.070588 0.000000 0.070588 0.000000 0.000000 0.000000 0.000000 0.000000 0.000000 0.000000 0.000000 0.000000 0.000000 0.000000 0.000000 0.000000 0.000000 0.070588 0.011765 0.000000 0.000000 0.176471 0.129412 0.176471 0.070588 0.000000 0.305882 0.141176 0.141176 0.094118 0.023529 0.023529 0.082353 0.023529 0.164706 0.023529 0.023529 0.023529 0.658824 0.035294 0.011765 0.023529 0.023529 0.023529 0.023529 0.188235 0.035294 0.023529 0.011765 0.047059 0.035294 0.011765 0.011765 0.011765 0.011765 0.023529 0.094118 0.717647
1.688.11E.X:13278486-13278846 0.110132 0.036011 0.044321 0.069832 0.124294 0.107345 0.112994 0.025352 0.030899 0.030899 0.050704 0.024931 0.013514 0.035294 0.024931 0.013514 0.035294 0.019391 0.013514 0.035294 0.000000 0.099415 0.027027 0.035294 0.036620 0.036011 0.057554 0.031746 0.013514 0.035294 0.042135 0.030471 0.036011 0.016620 0.050139 0.021429 0.031746 0.090278 0.011765 0.044321 0.050000 0.036011 0.087209 0.021429 0.031746 0.055556 0.024931 0.117479 0.089385 0.106145 0.113537 0.107595 0.139130 0.150997 0.113889 0.122563 0.067039 0.162319 0.075419 0.081006 0.136364 0.058496 0.078431 0.047354 0.067039 0.052925 0.038889 0.089888 0.050139 0.036111 0.041667 0.075419 0.094556 0.055710 0.081232 0.064246 0.097765 0.041667 0.052925 0.055710 0.092697 0.052925 0.064246 0.064246 0.064246 0.078431 0.044444 0.067227 0.044444 0.064246 0.047222 0.044444 0.030471 0.052925 0.036111 0.067039 0.061453 0.090141 0.044444 0.113636 0.210227 0.180055 0.127424 0.084034 0.342342 0.216617 0.166197 0.164265 0.103641 0.141243 0.103152 0.123596 0.153409 0.136752 0.050000 0.075000 0.030303 0.034384 0.068768 0.120000 0.055402 0.060942 0.125731 0.059659 0.055402 0.055402 0.049861 0.075000 0.083102 0.103152 0.069444 0.109859 0.036011 0.071839 0.177419 0.250000
1.688.11E.X:13278847-13279188 0.096916 0.093567 0.102339 0.099415 0.046784 0.026316 0.043860 0.087719 0.096491 0.093567 0.076023 0.084795 0.189189 0.011765 0.084795 0.189189 0.011765 0.081871 0.189189 0.011765 0.099415 0.000000 0.189189 0.011765 0.093567 0.029240 0.208633 0.015873 0.189189 0.011765 0.078947 0.084795 0.049708 0.090643 0.084795 0.171429 0.015873 0.215278 0.035294 0.043860 0.067251 0.046784 0.038012 0.171429 0.015873 0.073099 0.087719 0.125731 0.090643 0.102339 0.283843 0.094937 0.078947 0.131579 0.187135 0.184211 0.119883 0.108187 0.152047 0.152047 0.111111 0.108187 0.134503 0.105263 0.137427 0.096491 0.105263 0.131579 0.119883 0.105263 0.105263 0.140351 0.090643 0.111111 0.108187 0.114035 0.154971 0.111111 0.125731 0.090643 0.163743 0.111111 0.111111 0.111111 0.134503 0.137427 0.111111 0.108187 0.108187 0.125731 0.096491 0.111111 0.090643 0.111111 0.105263 0.111111 0.058480 0.125731 0.108187 0.184211 0.213450 0.228070 0.184211 0.128655 0.342342 0.183976 0.172515 0.137427 0.154971 0.271930 0.178363 0.198830 0.207602 0.114035 0.116959 0.140351 0.181818 0.111111 0.108187 0.087719 0.105263 0.122807 0.046784 0.137427 0.108187 0.119883 0.102339 0.149123 0.131579 0.084795 0.116959 0.090643 0.105263 0.090643 0.174194 0.291667
1.688.11E.X:13279189-13279336 0.621622 0.013514 0.020270 0.135135 0.087838 0.087838 0.087838 0.054054 0.060811 0.060811 0.121622 0.020270 0.013514 0.717647 0.020270 0.013514 0.717647 0.013514 0.013514 0.717647 0.027027 0.189189 0.000000 0.717647 0.108108 0.060811 0.064748 0.714286 0.013514 0.717647 0.101351 0.027027 0.033784 0.013514 0.108108 0.028571 0.714286 0.076389 0.717647 0.027027 0.006757 0.013514 0.155405 0.028571 0.714286 0.006757 0.013514 0.148649 0.128378 0.114865 0.087838 0.722973 0.155405 0.148649 0.108108 0.094595 0.094595 0.168919 0.081081 0.087838 0.175676 0.094595 0.135135 0.054054 0.074324 0.101351 0.054054 0.148649 0.054054 0.020270 0.027027 0.081081 0.155405 0.067568 0.141892 0.101351 0.108108 0.033784 0.033784 0.108108 0.067568 0.067568 0.108108 0.135135 0.101351 0.141892 0.040541 0.114865 0.074324 0.101351 0.081081 0.040541 0.027027 0.067568 0.013514 0.101351 0.087838 0.148649 0.074324 0.067568 0.405405 0.141892 0.101351 0.182432 0.689189 0.412162 0.216216 0.256757 0.141892 0.222973 0.168919 0.155405 0.155405 0.202703 0.067568 0.087838 0.060811 0.114865 0.148649 0.141892 0.047297 0.054054 0.195946 0.047297 0.054054 0.060811 0.054054 0.040541 0.060811 0.148649 0.087838 0.155405 0.040541 0.175676 0.141892 0.256757
1.688.11E.X:13279339-13279423 0.035294 0.011765 0.011765 0.000000 0.023529 0.000000 0.000000 0.000000 0.000000 0.000000 0.011765 0.000000 0.694118 0.000000 0.000000 0.694118 0.000000 0.000000 0.694118 0.000000 0.035294 0.011765 0.717647 0.000000 0.023529 0.023529 0.705882 0.000000 0.694118 0.000000 0.000000 0.000000 0.023529 0.023529 0.023529 0.729412 0.000000 0.717647 0.023529 0.000000 0.000000 0.000000 0.023529 0.729412 0.000000 0.000000 0.000000 0.070588 0.082353 0.070588 0.588235 0.000000 0.070588 0.000000 0.000000 0.200000 0.000000 0.070588 0.011765 0.000000 0.000000 0.000000 0.000000 0.000000 0.070588 0.000000 0.000000 0.070588 0.000000 0.000000 0.000000 0.070588 0.000000 0.070588 0.070588 0.000000 0.070588 0.000000 0.070588 0.000000 0.070588 0.000000 0.000000 0.000000 0.000000 0.000000 0.000000 0.000000 0.000000 0.000000 0.000000 0.000000 0.000000 0.000000 0.000000 0.070588 0.011765 0.000000 0.000000 0.176471 0.129412 0.176471 0.070588 0.000000 0.305882 0.141176 0.141176 0.094118 0.023529 0.023529 0.082353 0.023529 0.164706 0.023529 0.023529 0.023529 0.658824 0.035294 0.011765 0.023529 0.023529 0.023529 0.023529 0.188235 0.035294 0.023529 0.011765 0.047059 0.035294 0.011765 0.011765 0.011765 0.011765 0.023529 0.094118 0.717647
1.688.11E.X:13279425-13279779 0.101322 0.047887 0.045070 0.067606 0.059322 0.053672 0.056497 0.056338 0.061972 0.059155 0.073239 0.042254 0.108108 0.023529 0.042254 0.108108 0.023529 0.036620 0.108108 0.023529 0.036620 0.093567 0.108108 0.023529 0.000000 0.084507 0.122302 0.015873 0.108108 0.023529 0.014085 0.036620 0.047887 0.033803 0.045070 0.085714 0.015873 0.166667 0.000000 0.050704 0.070423 0.053521 0.087209 0.085714 0.015873 0.076056 0.042254 0.128940 0.104225 0.112676 0.152838 0.101266 0.133333 0.096866 0.135211 0.149296 0.078873 0.153623 0.104225 0.095775 0.090909 0.076056 0.107042 0.070423 0.092958 0.059155 0.059155 0.112676 0.073239 0.059155 0.061972 0.098592 0.091691 0.076056 0.092958 0.090141 0.118310 0.064789 0.078873 0.064789 0.126761 0.076056 0.092958 0.087324 0.090141 0.104225 0.067606 0.081690 0.064789 0.090141 0.053521 0.067606 0.047887 0.076056 0.059155 0.076056 0.073239 0.109859 0.064789 0.133523 0.170455 0.188732 0.197183 0.087324 0.355856 0.204748 0.146479 0.175793 0.123944 0.245763 0.143266 0.160563 0.221591 0.099715 0.061972 0.101408 0.080808 0.071633 0.126074 0.111429 0.076056 0.084507 0.122807 0.102273 0.076056 0.081690 0.070423 0.095775 0.121127 0.100287 0.092958 0.104225 0.059155 0.181034 0.177419 0.273810
1.688.11E.X:13279780-13280154 0.105727 0.047091 0.044321 0.106145 0.048023 0.107345 0.036723 0.081690 0.081461 0.039326 0.039437 0.033241 0.060811 0.023529 0.033241 0.060811 0.023529 0.027701 0.060811 0.023529 0.036011 0.029240 0.060811 0.023529 0.084507 0.000000 0.071942 0.015873 0.060811 0.023529 0.084270 0.027701 0.030471 0.024931 0.038997 0.035714 0.015873 0.097222 0.000000 0.033241 0.052778 0.036011 0.023256 0.035714 0.015873 0.058333 0.033241 0.137536 0.148045 0.086592 0.192140 0.107595 0.133333 0.153846 0.186111 0.172702 0.122905 0.168116 0.153631 0.150838 0.147727 0.052925 0.154062 0.058496 0.142458 0.044568 0.047222 0.137640 0.122563 0.047222 0.050000 0.145251 0.100287 0.064067 0.140056 0.069832 0.156425 0.052778 0.128134 0.050139 0.168539 0.064067 0.125698 0.067039 0.072626 0.086835 0.055556 0.064426 0.052778 0.125698 0.108333 0.055556 0.038781 0.064067 0.047222 0.117318 0.058659 0.146479 0.052778 0.187500 0.215909 0.239669 0.208219 0.137255 0.351351 0.210682 0.197183 0.181556 0.134454 0.211864 0.151862 0.199438 0.184659 0.139601 0.050000 0.086111 0.050505 0.088825 0.126074 0.111429 0.063712 0.072022 0.061404 0.076705 0.069252 0.069252 0.063712 0.086111 0.145604 0.040115 0.116667 0.154930 0.049861 0.091954 0.170968 0.255952
1.688.11E.X:13280155-13280293 0.683453 0.064748 0.043165 0.179856 0.143885 0.143885 0.143885 0.107914 0.122302 0.115108 0.115108 0.057554 0.064748 0.705882 0.057554 0.064748 0.705882 0.050360 0.064748 0.705882 0.057554 0.208633 0.064748 0.705882 0.122302 0.071942 0.000000 0.714286 0.064748 0.705882 0.115108 0.035971 0.057554 0.050360 0.151079 0.035971 0.714286 0.151079 0.729412 0.035971 0.057554 0.050360 0.215827 0.035971 0.714286 0.057554 0.050360 0.201439 0.115108 0.093525 0.122302 0.676259 0.215827 0.194245 0.143885 0.100719 0.071942 0.230216 0.122302 0.107914 0.223022 0.093525 0.129496 0.093525 0.050360 0.086331 0.057554 0.187050 0.057554 0.057554 0.064748 0.057554 0.194245 0.100719 0.158273 0.115108 0.086331 0.064748 0.064748 0.122302 0.079137 0.100719 0.122302 0.136691 0.086331 0.122302 0.071942 0.151079 0.071942 0.100719 0.115108 0.071942 0.064748 0.100719 0.050360 0.136691 0.122302 0.165468 0.071942 0.100719 0.410072 0.179856 0.136691 0.187050 0.654676 0.395683 0.158273 0.330935 0.179856 0.251799 0.223022 0.158273 0.093525 0.316547 0.086331 0.136691 0.100719 0.165468 0.194245 0.179856 0.086331 0.100719 0.244604 0.086331 0.093525 0.107914 0.093525 0.079137 0.100719 0.194245 0.129496 0.201439 0.071942 0.158273 0.187050 0.302158
1.688.11E.X:13280292-13280354 0.047619 0.015873 0.015873 0.000000 0.015873 0.000000 0.000000 0.000000 0.000000 0.000000 0.015873 0.000000 0.714286 0.000000 0.000000 0.714286 0.000000 0.000000 0.714286 0.000000 0.031746 0.015873 0.714286 0.000000 0.015873 0.015873 0.714286 0.000000 0.714286 0.000000 0.000000 0.000000 0.015873 0.015873 0.015873 0.714286 0.000000 0.714286 0.015873 0.000000 0.000000 0.000000 0.015873 0.714286 0.000000 0.000000 0.000000 0.000000 0.095238 0.095238 0.539683 0.000000 0.095238 0.000000 0.000000 0.174603 0.000000 0.095238 0.000000 0.000000 0.000000 0.000000 0.000000 0.000000 0.095238 0.000000 0.000000 0.095238 0.000000 0.000000 0.000000 0.095238 0.000000 0.095238 0.095238 0.000000 0.095238 0.000000 0.095238 0.000000 0.095238 0.000000 0.000000 0.000000 0.000000 0.000000 0.000000 0.000000 0.000000 0.000000 0.000000 0.000000 0.000000 0.000000 0.000000 0.095238 0.015873 0.000000 0.000000 0.111111 0.174603 0.238095 0.095238 0.000000 0.396825 0.095238 0.190476 0.047619 0.015873 0.031746 0.095238 0.031746 0.238095 0.031746 0.015873 0.031746 0.634921 0.031746 0.015873 0.031746 0.031746 0.031746 0.031746 0.158730 0.031746 0.031746 0.015873 0.047619 0.047619 0.015873 0.015873 0.015873 0.015873 0.031746 0.015873 0.730159
1.688.11E.X:13280355-13280502 0.635135 0.000000 0.020270 0.121622 0.087838 0.087838 0.087838 0.054054 0.060811 0.060811 0.121622 0.020270 0.000000 0.694118 0.020270 0.000000 0.694118 0.013514 0.000000 0.694118 0.013514 0.189189 0.013514 0.694118 0.108108 0.060811 0.064748 0.714286 0.000000 0.694118 0.101351 0.027027 0.033784 0.013514 0.108108 0.028571 0.714286 0.076389 0.717647 0.027027 0.006757 0.013514 0.155405 0.028571 0.714286 0.006757 0.013514 0.148649 0.135135 0.114865 0.087838 0.722973 0.168919 0.148649 0.114865 0.094595 0.094595 0.168919 0.094595 0.081081 0.175676 0.108108 0.141892 0.054054 0.067568 0.101351 0.054054 0.128378 0.054054 0.020270 0.027027 0.074324 0.148649 0.060811 0.135135 0.094595 0.101351 0.027027 0.027027 0.101351 0.060811 0.060811 0.101351 0.128378 0.101351 0.135135 0.033784 0.108108 0.067568 0.094595 0.074324 0.033784 0.027027 0.060811 0.013514 0.094595 0.081081 0.141892 0.067568 0.060811 0.398649 0.141892 0.101351 0.175676 0.702703 0.405405 0.209459 0.270270 0.148649 0.222973 0.162162 0.155405 0.141892 0.195946 0.067568 0.087838 0.047297 0.108108 0.148649 0.141892 0.047297 0.054054 0.195946 0.033784 0.040541 0.060811 0.040541 0.040541 0.060811 0.148649 0.087838 0.256757 0.040541 0.162162 0.141892 0.256757
1.688.11E.X:13280505-13280589 0.035294 0.011765 0.011765 0.000000 0.023529 0.000000 0.000000 0.000000 0.000000 0.000000 0.011765 0.000000 0.694118 0.000000 0.000000 0.694118 0.000000 0.000000 0.694118 0.000000 0.035294 0.011765 0.717647 0.000000 0.023529 0.023529 0.705882 0.000000 0.694118 0.000000 0.000000 0.000000 0.023529 0.023529 0.023529 0.729412 0.000000 0.717647 0.023529 0.000000 0.000000 0.000000 0.023529 0.729412 0.000000 0.000000 0.000000 0.070588 0.082353 0.070588 0.588235 0.000000 0.070588 0.000000 0.000000 0.200000 0.000000 0.070588 0.011765 0.000000 0.000000 0.000000 0.000000 0.000000 0.070588 0.000000 0.000000 0.070588 0.000000 0.000000 0.000000 0.070588 0.000000 0.070588 0.070588 0.000000 0.070588 0.000000 0.070588 0.000000 0.070588 0.000000 0.000000 0.000000 0.000000 0.000000 0.000000 0.000000 0.000000 0.000000 0.000000 0.000000 0.000000 0.000000 0.000000 0.070588 0.011765 0.000000 0.000000 0.176471 0.129412 0.176471 0.070588 0.000000 0.305882 0.141176 0.141176 0.094118 0.023529 0.023529 0.082353 0.023529 0.164706 0.023529 0.023529 0.023529 0.658824 0.035294 0.011765 0.023529 0.023529 0.023529 0.023529 0.188235 0.035294 0.023529 0.011765 0.047059 0.035294 0.011765 0.011765 0.011765 0.011765 0.023529 0.094118 0.717647
1.688.11E.X:13280590-13280945 0.092511 0.042135 0.039326 0.064607 0.050847 0.036723 0.048023 0.042254 0.050562 0.047753 0.059155 0.028090 0.101351 0.000000 0.028090 0.101351 0.000000 0.022472 0.101351 0.000000 0.042135 0.078947 0.101351 0.000000 0.014085 0.084270 0.115108 0.000000 0.101351 0.000000 0.000000 0.022472 0.044944 0.030899 0.042135 0.078571 0.000000 0.166667 0.023529 0.036517 0.058989 0.039326 0.084302 0.078571 0.000000 0.064607 0.028090 0.114613 0.101124 0.098315 0.144105 0.088608 0.121739 0.082621 0.120787 0.137640 0.064607 0.142029 0.095506 0.089888 0.076705 0.061798 0.092697 0.058989 0.078652 0.044944 0.044944 0.101124 0.058989 0.044944 0.047753 0.084270 0.077364 0.064607 0.081461 0.078652 0.109551 0.050562 0.064607 0.050562 0.112360 0.064607 0.078652 0.075843 0.075843 0.092697 0.053371 0.070225 0.050562 0.078652 0.039326 0.053371 0.033708 0.064607 0.044944 0.064607 0.061798 0.095775 0.050562 0.116477 0.153409 0.174157 0.185393 0.073034 0.337838 0.195846 0.129577 0.161383 0.115169 0.228814 0.134670 0.146067 0.207386 0.082621 0.053371 0.087079 0.070707 0.063037 0.114613 0.097143 0.061798 0.070225 0.108187 0.085227 0.061798 0.067416 0.056180 0.084270 0.109551 0.085960 0.078652 0.087324 0.044944 0.166667 0.161290 0.267857
