106
1.688.13A.X:15075024-15075261 0.000000 0.079832 0.050420 0.109244 0.151261 0.147059 0.117647 0.117647 0.155462 0.058824 0.138655 0.121849 0.155462 0.088235 0.130252 0.130252 0.138655 0.117647 0.142857 0.109244 0.666667 0.109244 0.684211 0.117647 0.142857 0.109244 0.666667 0.142857 0.168067 0.088235 0.084034 0.084034 0.088235 0.084034 0.113445 0.105042 0.105042 0.357143 0.684211 0.117647 0.142857 0.109244 0.666667 0.109244 0.684211 0.130252 0.163866 0.088235 0.084034 0.088235 0.063025 0.109244 0.684211 0.126050 0.673469 0.195531 0.088235 0.084034 0.088235 0.054622 0.109244 0.684211 0.105042 0.159664 0.092437 0.075630 0.394958 0.079832 0.348739 0.075630 0.684211 0.079832 0.130252 0.348739 0.117647 0.260504 0.134454 0.134454 0.352941 0.684211 0.075630 0.369748 0.075630 0.130252 0.079832 0.147059 0.075630 0.088235 0.075630 0.113445 0.117647 0.117647 0.088235 0.109244 0.075630 0.084034 0.117647 0.147059 0.603175 0.117647 0.147059 0.084034 0.079832 0.088235 0.172269 0.715385
1.688.13A.X:15075272-15075631 0.079832 0.000000 0.061798 0.087079 0.021875 0.074184 0.050847 0.059155 0.098870 0.061798 0.090395 0.067039 0.094708 0.047222 0.083799 0.083799 0.091922 0.069444 0.089385 0.061111 0.123457 0.057057 0.052632 0.082857 0.089385 0.061111 0.123457 0.123077 0.103352 0.062147 0.058989 0.044444 0.062147 0.058989 0.064972 0.053672 0.065341 0.112840 0.052632 0.071225 0.089385 0.061111 0.123457 0.060060 0.052632 0.080000 0.100559 0.062147 0.058989 0.047887 0.069444 0.055556 0.039474 0.080000 0.020408 0.106145 0.062147 0.058989 0.047887 0.055556 0.055556 0.039474 0.065527 0.097765 0.050704 0.042254 0.085603 0.047887 0.082031 0.091667 0.039474 0.046243 0.065156 0.108527 0.048295 0.125373 0.096317 0.088319 0.101167 0.039474 0.049133 0.128405 0.069444 0.076271 0.072222 0.073446 0.030986 0.072222 0.069444 0.066852 0.064067 0.072423 0.087571 0.044568 0.044444 0.050000 0.077994 0.048295 0.031746 0.083333 0.048295 0.030556 0.038889 0.050000 0.057637 0.038462
1.688.13A.X:15075632-15075987 0.050420 0.061798 0.000000 0.056180 0.015625 0.077151 0.087571 0.076056 0.115819 0.025281 0.104520 0.089888 0.117978 0.064607 0.115169 0.101124 0.115169 0.089888 0.120787 0.081461 0.135802 0.087087 0.065789 0.114286 0.120787 0.081461 0.135802 0.110769 0.129213 0.076271 0.061798 0.064607 0.076271 0.061798 0.081921 0.067797 0.079545 0.124514 0.065789 0.102564 0.120787 0.081461 0.135802 0.087087 0.065789 0.108571 0.126404 0.076271 0.061798 0.061972 0.025281 0.075843 0.052632 0.108571 0.020408 0.156425 0.076271 0.061798 0.061972 0.011236 0.075843 0.052632 0.094017 0.129213 0.064789 0.045070 0.116732 0.053521 0.113281 0.047753 0.052632 0.072254 0.079320 0.120155 0.071023 0.134328 0.104816 0.119658 0.120623 0.052632 0.069364 0.089494 0.042135 0.093220 0.044944 0.096045 0.050704 0.033708 0.042135 0.087079 0.084270 0.098315 0.087571 0.075843 0.053371 0.061798 0.103933 0.099432 0.021164 0.121795 0.099432 0.058989 0.047753 0.064607 0.115274 0.053846
1.688.13A.X:15075994-15076349 0.109244 0.087079 0.056180 0.000000 0.056250 0.109792 0.064972 0.104225 0.093220 0.058989 0.084746 0.084270 0.092697 0.095506 0.106742 0.106742 0.089888 0.117978 0.112360 0.109551 0.123457 0.120120 0.052632 0.142857 0.112360 0.109551 0.123457 0.107692 0.115169 0.110169 0.109551 0.092697 0.110169 0.109551 0.115819 0.101695 0.113636 0.140078 0.052632 0.131054 0.112360 0.109551 0.123457 0.123123 0.052632 0.128571 0.112360 0.110169 0.109551 0.098592 0.067416 0.103933 0.039474 0.137143 0.020408 0.162011 0.110169 0.109551 0.098592 0.053371 0.103933 0.039474 0.122507 0.115169 0.098592 0.092958 0.132296 0.098592 0.128906 0.089888 0.039474 0.106936 0.110482 0.135659 0.085227 0.155224 0.150142 0.139601 0.136187 0.039474 0.104046 0.105058 0.056180 0.112994 0.056180 0.121469 0.078873 0.078652 0.056180 0.064607 0.067416 0.075843 0.129944 0.117978 0.095506 0.103933 0.081461 0.136364 0.089947 0.096154 0.136364 0.101124 0.089888 0.106742 0.155620 0.038462
1.688.13A.X:15076355-15076674 0.151261 0.021875 0.015625 0.056250 0.000000 0.034375 0.056250 0.046875 0.096875 0.028125 0.087500 0.062500 0.093750 0.028125 0.084375 0.068750 0.093750 0.059375 0.090625 0.053125 0.135802 0.125000 0.065789 0.103125 0.090625 0.053125 0.135802 0.128125 0.106250 0.053125 0.028125 0.031250 0.053125 0.028125 0.050000 0.034375 0.053125 0.175097 0.065789 0.087500 0.090625 0.053125 0.135802 0.128125 0.065789 0.103125 0.103125 0.053125 0.028125 0.028125 0.028125 0.046875 0.052632 0.084375 0.020408 0.296089 0.053125 0.028125 0.028125 0.012500 0.046875 0.052632 0.084375 0.106250 0.037500 0.012500 0.163424 0.018750 0.160156 0.034375 0.052632 0.059375 0.050000 0.166667 0.050000 0.159375 0.093750 0.103125 0.155642 0.052632 0.065625 0.167315 0.046875 0.065625 0.050000 0.065625 0.018750 0.031250 0.046875 0.059375 0.050000 0.065625 0.025000 0.040625 0.021875 0.028125 0.071875 0.043750 0.015873 0.192308 0.043750 0.021875 0.015625 0.031250 0.062500 0.046154
1.688.13A.X:15076705-15077041 0.147059 0.074184 0.077151 0.109792 0.034375 0.000000 0.109792 0.094955 0.142433 0.074184 0.133531 0.115727 0.139466 0.089021 0.133531 0.133531 0.136499 0.106825 0.139466 0.100890 0.111111 0.162162 0.039474 0.148368 0.139466 0.100890 0.111111 0.129231 0.151335 0.106825 0.094955 0.091988 0.106825 0.094955 0.109792 0.103858 0.121662 0.182879 0.039474 0.133531 0.139466 0.100890 0.111111 0.165165 0.039474 0.148368 0.148368 0.106825 0.094955 0.089021 0.086053 0.094955 0.026316 0.133531 0.000000 0.301676 0.106825 0.094955 0.089021 0.071217 0.094955 0.026316 0.130564 0.151335 0.094955 0.080119 0.175097 0.086053 0.171875 0.091988 0.026316 0.115727 0.118694 0.182171 0.112760 0.197015 0.136499 0.163205 0.175097 0.026316 0.118694 0.167315 0.089021 0.127596 0.091988 0.109792 0.077151 0.089021 0.089021 0.112760 0.109792 0.118694 0.080119 0.103858 0.089021 0.094955 0.124629 0.086053 0.031746 0.201923 0.086053 0.086053 0.083086 0.097923 0.071217 0.046154
1.688.13A.X:15077052-15077405 0.117647 0.050847 0.087571 0.064972 0.056250 0.109792 0.000000 0.073446 0.059322 0.084746 0.050847 0.048023 0.056497 0.059322 0.064972 0.064972 0.053672 0.079096 0.070621 0.073446 0.123457 0.087087 0.052632 0.108571 0.070621 0.073446 0.123457 0.147692 0.079096 0.076271 0.062147 0.059322 0.076271 0.062147 0.076271 0.062147 0.073864 0.097276 0.052632 0.096866 0.070621 0.073446 0.123457 0.090090 0.052632 0.102857 0.076271 0.076271 0.062147 0.056497 0.096045 0.067797 0.039474 0.105714 0.020408 0.100559 0.076271 0.062147 0.056497 0.081921 0.067797 0.039474 0.091168 0.073446 0.062147 0.050847 0.112840 0.053672 0.109375 0.112994 0.039474 0.052023 0.073654 0.096899 0.056818 0.137313 0.116147 0.128205 0.085603 0.039474 0.057803 0.116732 0.090395 0.084746 0.093220 0.087571 0.042373 0.098870 0.090395 0.028249 0.025424 0.033898 0.132768 0.098870 0.059322 0.067797 0.039548 0.144886 0.089947 0.054487 0.144886 0.081921 0.053672 0.070621 0.158501 0.038462
1.688.13A.X:15077412-15077766 0.117647 0.059155 0.076056 0.104225 0.046875 0.094955 0.073446 0.000000 0.045198 0.067606 0.048023 0.070423 0.050704 0.047887 0.076056 0.076056 0.053521 0.022535 0.081690 0.008451 0.123457 0.018018 0.026316 0.048571 0.081690 0.008451 0.123457 0.080000 0.061972 0.059322 0.056338 0.045070 0.059322 0.056338 0.067797 0.062147 0.073864 0.097276 0.026316 0.037037 0.081690 0.008451 0.123457 0.021021 0.026316 0.057143 0.059155 0.059322 0.056338 0.050704 0.084507 0.002817 0.039474 0.057143 0.020408 0.039106 0.059322 0.056338 0.050704 0.070423 0.002817 0.039474 0.042735 0.061972 0.047887 0.045070 0.124514 0.050704 0.121094 0.101408 0.039474 0.057803 0.070822 0.108527 0.085227 0.155224 0.130312 0.091168 0.101167 0.039474 0.057803 0.128405 0.090141 0.048023 0.087324 0.039548 0.036620 0.092958 0.090141 0.061972 0.070423 0.078873 0.118644 0.087324 0.047887 0.056338 0.084507 0.130682 0.031746 0.102564 0.130682 0.070423 0.042254 0.059155 0.080692 0.053846
1.688.13A.X:15077773-15078126 0.155462 0.098870 0.115819 0.093220 0.096875 0.142433 0.059322 0.045198 0.000000 0.107345 0.014124 0.073446 0.002825 0.087571 0.056497 0.056497 0.016949 0.039548 0.064972 0.048023 0.148148 0.063063 0.000000 0.071429 0.064972 0.048023 0.148148 0.126154 0.031073 0.101695 0.093220 0.084746 0.101695 0.093220 0.104520 0.104520 0.113636 0.120623 0.000000 0.056980 0.064972 0.048023 0.148148 0.066066 0.000000 0.074286 0.028249 0.101695 0.093220 0.087571 0.124294 0.042373 0.013158 0.074286 0.020408 0.027933 0.101695 0.093220 0.087571 0.110169 0.042373 0.013158 0.059829 0.031073 0.084746 0.081921 0.147860 0.087571 0.144531 0.141243 0.013158 0.072254 0.110482 0.131783 0.093750 0.161194 0.147309 0.131054 0.124514 0.013158 0.072254 0.151751 0.127119 0.087571 0.124294 0.081921 0.076271 0.135593 0.127119 0.048023 0.050847 0.045198 0.121469 0.124294 0.087571 0.096045 0.048023 0.127841 0.111111 0.064103 0.127841 0.110169 0.081921 0.098870 0.184438 0.092308
1.688.13A.X:15078133-15078488 0.058824 0.061798 0.025281 0.058989 0.028125 0.074184 0.084746 0.067606 0.107345 0.000000 0.096045 0.073034 0.115169 0.044944 0.106742 0.106742 0.103933 0.087079 0.112360 0.073034 0.135802 0.084084 0.039474 0.111429 0.112360 0.073034 0.135802 0.110769 0.123596 0.056497 0.070225 0.067416 0.056497 0.070225 0.084746 0.076271 0.088068 0.116732 0.039474 0.099715 0.112360 0.073034 0.135802 0.087087 0.039474 0.105714 0.120787 0.056497 0.070225 0.067606 0.028090 0.067416 0.052632 0.105714 0.040816 0.150838 0.056497 0.070225 0.067606 0.014045 0.067416 0.052632 0.091168 0.123596 0.045070 0.053521 0.112840 0.059155 0.109375 0.050562 0.052632 0.069364 0.087819 0.112403 0.082386 0.134328 0.116147 0.125356 0.112840 0.052632 0.066474 0.077821 0.033708 0.096045 0.036517 0.093220 0.047887 0.036517 0.033708 0.078652 0.087079 0.095506 0.093220 0.087079 0.061798 0.070225 0.101124 0.105114 0.042328 0.115385 0.105114 0.070225 0.056180 0.073034 0.123919 0.061538
1.688.13A.X:15078495-15078848 0.138655 0.090395 0.104520 0.084746 0.087500 0.133531 0.050847 0.048023 0.014124 0.096045 0.000000 0.062147 0.016949 0.076271 0.048023 0.048023 0.002825 0.042373 0.053672 0.050847 0.148148 0.066066 0.000000 0.074286 0.053672 0.050847 0.148148 0.129231 0.039548 0.090395 0.079096 0.070621 0.090395 0.079096 0.093220 0.096045 0.105114 0.108949 0.000000 0.059829 0.053672 0.050847 0.148148 0.069069 0.000000 0.060000 0.036723 0.090395 0.079096 0.073446 0.112994 0.045198 0.013158 0.060000 0.020408 0.050279 0.090395 0.079096 0.073446 0.098870 0.045198 0.013158 0.045584 0.039548 0.076271 0.067797 0.136187 0.079096 0.132812 0.132768 0.013158 0.063584 0.099150 0.120155 0.082386 0.158209 0.135977 0.131054 0.116732 0.013158 0.057803 0.140078 0.115819 0.087571 0.118644 0.081921 0.064972 0.121469 0.115819 0.033898 0.042373 0.036723 0.161017 0.115819 0.076271 0.084746 0.039548 0.167614 0.105820 0.054487 0.167614 0.098870 0.073446 0.087571 0.178674 0.092308
1.688.13A.X:15078855-15079212 0.121849 0.067039 0.089888 0.084270 0.062500 0.115727 0.048023 0.070423 0.073446 0.073034 0.062147 0.000000 0.072626 0.027933 0.044693 0.044693 0.061453 0.081006 0.050279 0.067039 0.135802 0.072072 0.039474 0.100000 0.050279 0.067039 0.135802 0.150769 0.064246 0.048023 0.070225 0.061453 0.048023 0.070225 0.087571 0.076271 0.088068 0.077821 0.039474 0.088319 0.050279 0.067039 0.135802 0.075075 0.039474 0.094286 0.061453 0.048023 0.070225 0.070423 0.089385 0.061453 0.052632 0.094286 0.040816 0.072626 0.048023 0.070225 0.070423 0.075419 0.061453 0.052632 0.079772 0.064246 0.036620 0.056338 0.101167 0.059155 0.097656 0.106145 0.052632 0.069364 0.087819 0.085271 0.082386 0.131343 0.113314 0.142450 0.081712 0.052632 0.069364 0.105058 0.094972 0.098870 0.097765 0.093220 0.047887 0.097765 0.094972 0.033520 0.041899 0.050279 0.129944 0.092179 0.053073 0.061453 0.055866 0.125000 0.095238 0.057692 0.125000 0.075419 0.047486 0.064246 0.158501 0.061538
1.688.13A.X:15079214-15079572 0.155462 0.094708 0.117978 0.092697 0.093750 0.139466 0.056497 0.050704 0.002825 0.115169 0.016949 0.072626 0.000000 0.089136 0.050279 0.050279 0.019499 0.036212 0.058659 0.050139 0.135802 0.048048 0.013158 0.054286 0.058659 0.050139 0.135802 0.126154 0.025140 0.104520 0.095506 0.080780 0.104520 0.095506 0.101695 0.101695 0.110795 0.120623 0.013158 0.039886 0.058659 0.050139 0.135802 0.051051 0.013158 0.057143 0.022346 0.104520 0.095506 0.087324 0.119777 0.044568 0.000000 0.057143 0.000000 0.000000 0.104520 0.095506 0.087324 0.105850 0.044568 0.000000 0.042735 0.025140 0.090141 0.081690 0.147860 0.087324 0.144531 0.136490 0.000000 0.069364 0.107649 0.131783 0.090909 0.158209 0.130312 0.128205 0.124514 0.000000 0.069364 0.151751 0.122563 0.084746 0.119777 0.079096 0.076056 0.130919 0.122563 0.050139 0.047354 0.041783 0.104520 0.119777 0.083565 0.091922 0.044568 0.110795 0.105820 0.048077 0.110795 0.105850 0.077994 0.094708 0.109510 0.084615
1.688.13A.X:15079574-15079933 0.088235 0.047222 0.064607 0.095506 0.028125 0.089021 0.059322 0.047887 0.087571 0.044944 0.076271 0.027933 0.089136 0.000000 0.072626 0.072626 0.077994 0.063889 0.078212 0.050000 0.135802 0.048048 0.039474 0.077143 0.078212 0.050000 0.135802 0.126154 0.094972 0.019774 0.044944 0.044444 0.019774 0.044944 0.064972 0.050847 0.062500 0.077821 0.039474 0.065527 0.078212 0.050000 0.135802 0.051051 0.039474 0.071429 0.092179 0.019774 0.044944 0.047887 0.069444 0.044444 0.052632 0.071429 0.040816 0.083799 0.019774 0.044944 0.047887 0.055556 0.044444 0.052632 0.056980 0.094972 0.008451 0.030986 0.097276 0.033803 0.093750 0.086111 0.052632 0.043353 0.062323 0.081395 0.071023 0.137313 0.104816 0.116809 0.077821 0.052632 0.043353 0.101167 0.075000 0.073446 0.077778 0.070621 0.022535 0.077778 0.075000 0.047354 0.055710 0.064067 0.110169 0.069638 0.033333 0.041667 0.069638 0.122159 0.042328 0.070513 0.122159 0.055556 0.027778 0.044444 0.060519 0.061538
1.688.13A.X:15079935-15080292 0.130252 0.083799 0.115169 0.106742 0.084375 0.133531 0.064972 0.076056 0.056497 0.106742 0.048023 0.044693 0.050279 0.072626 0.000000 0.013966 0.041899 0.058659 0.011173 0.072626 0.160494 0.072072 0.065789 0.080000 0.011173 0.072626 0.160494 0.150769 0.036313 0.096045 0.095506 0.083799 0.096045 0.095506 0.110169 0.096045 0.107955 0.124514 0.065789 0.065527 0.011173 0.072626 0.160494 0.075075 0.065789 0.074286 0.033520 0.096045 0.095506 0.092958 0.114525 0.067039 0.052632 0.074286 0.020408 0.039106 0.096045 0.095506 0.092958 0.100559 0.067039 0.052632 0.059829 0.036313 0.081690 0.081690 0.140078 0.084507 0.136719 0.131285 0.052632 0.063584 0.107649 0.124031 0.107955 0.158209 0.138810 0.145299 0.112840 0.052632 0.069364 0.143969 0.117318 0.101695 0.120112 0.096045 0.070423 0.117318 0.117318 0.064246 0.055866 0.047486 0.155367 0.117318 0.078212 0.086592 0.053073 0.150568 0.132275 0.057692 0.150568 0.100559 0.072626 0.089385 0.184438 0.115385
1.688.13A.X:15080294-15080651 0.130252 0.083799 0.101124 0.106742 0.068750 0.133531 0.064972 0.076056 0.056497 0.106742 0.048023 0.044693 0.050279 0.072626 0.013966 0.000000 0.050279 0.058659 0.019553 0.072626 0.160494 0.072072 0.065789 0.080000 0.019553 0.072626 0.160494 0.150769 0.036313 0.096045 0.081461 0.075419 0.096045 0.081461 0.101695 0.081921 0.093750 0.112840 0.065789 0.065527 0.019553 0.072626 0.160494 0.075075 0.065789 0.074286 0.033520 0.096045 0.081461 0.084507 0.100559 0.067039 0.052632 0.074286 0.020408 0.039106 0.096045 0.081461 0.084507 0.086592 0.067039 0.052632 0.059829 0.036313 0.081690 0.067606 0.128405 0.070423 0.125000 0.117318 0.052632 0.063584 0.093484 0.112403 0.093750 0.143284 0.124646 0.136752 0.101167 0.052632 0.069364 0.132296 0.117318 0.093220 0.120112 0.096045 0.070423 0.103352 0.117318 0.061453 0.047486 0.047486 0.146893 0.103352 0.064246 0.072626 0.053073 0.142045 0.105820 0.057692 0.142045 0.086592 0.058659 0.075419 0.170029 0.100000
1.688.13A.X:15080653-15081011 0.138655 0.091922 0.115169 0.089888 0.093750 0.136499 0.053672 0.053521 0.016949 0.103933 0.002825 0.061453 0.019499 0.077994 0.041899 0.050279 0.000000 0.044568 0.047486 0.052925 0.160494 0.054054 0.013158 0.062857 0.047486 0.052925 0.160494 0.132308 0.039106 0.093220 0.089888 0.075209 0.093220 0.089888 0.098870 0.101695 0.110795 0.116732 0.013158 0.048433 0.047486 0.052925 0.160494 0.057057 0.013158 0.048571 0.036313 0.093220 0.089888 0.081690 0.116992 0.047354 0.026316 0.048571 0.020408 0.022346 0.093220 0.089888 0.081690 0.103064 0.047354 0.026316 0.034188 0.039106 0.081690 0.076056 0.143969 0.087324 0.140625 0.136490 0.026316 0.066474 0.104816 0.127907 0.088068 0.164179 0.127479 0.136752 0.124514 0.026316 0.060694 0.147860 0.116992 0.093220 0.119777 0.084746 0.070423 0.125348 0.116992 0.036212 0.047354 0.038997 0.104520 0.119777 0.080780 0.089136 0.041783 0.110795 0.116402 0.041667 0.110795 0.103064 0.077994 0.091922 0.112392 0.100000
1.688.13A.X:15081013-15081372 0.117647 0.069444 0.089888 0.117978 0.059375 0.106825 0.079096 0.022535 0.039548 0.087079 0.042373 0.081006 0.036212 0.063889 0.058659 0.058659 0.044568 0.000000 0.064246 0.025000 0.135802 0.018018 0.013158 0.014286 0.064246 0.025000 0.135802 0.092308 0.044693 0.076271 0.067416 0.055556 0.076271 0.067416 0.076271 0.076271 0.085227 0.116732 0.013158 0.000000 0.064246 0.025000 0.135802 0.021021 0.013158 0.031429 0.041899 0.076271 0.067416 0.059155 0.094444 0.019444 0.000000 0.031429 0.000000 0.011173 0.076271 0.067416 0.059155 0.080556 0.019444 0.000000 0.017094 0.044693 0.064789 0.053521 0.140078 0.059155 0.140625 0.111111 0.000000 0.043353 0.082153 0.124031 0.093750 0.158209 0.127479 0.102564 0.120623 0.000000 0.043353 0.147860 0.100000 0.059322 0.097222 0.050847 0.047887 0.102778 0.100000 0.075209 0.072423 0.066852 0.129944 0.089136 0.058333 0.066667 0.069638 0.142045 0.052910 0.076923 0.142045 0.075000 0.052778 0.069444 0.083573 0.084615
1.688.13A.X:15081374-15081731 0.142857 0.089385 0.120787 0.112360 0.090625 0.139466 0.070621 0.081690 0.064972 0.112360 0.053672 0.050279 0.058659 0.078212 0.011173 0.019553 0.047486 0.064246 0.000000 0.078212 0.148148 0.081081 0.052632 0.085714 0.000000 0.078212 0.148148 0.160000 0.044693 0.101695 0.101124 0.089385 0.101695 0.101124 0.115819 0.101695 0.113636 0.136187 0.052632 0.071225 0.000000 0.078212 0.148148 0.084084 0.052632 0.080000 0.041899 0.101695 0.101124 0.098592 0.120112 0.072626 0.039474 0.080000 0.000000 0.055866 0.101695 0.101124 0.098592 0.106145 0.072626 0.039474 0.065527 0.044693 0.087324 0.087324 0.151751 0.090141 0.148438 0.136872 0.039474 0.069364 0.113314 0.135659 0.113636 0.164179 0.144476 0.150997 0.124514 0.039474 0.075145 0.155642 0.122905 0.107345 0.125698 0.101695 0.076056 0.122905 0.122905 0.067039 0.061453 0.053073 0.161017 0.122905 0.083799 0.092179 0.058659 0.156250 0.132275 0.067308 0.156250 0.106145 0.078212 0.094972 0.190202 0.115385
1.688.13A.X:15081733-15082092 0.109244 0.061111 0.081461 0.109551 0.053125 0.100890 0.073446 0.008451 0.048023 0.073034 0.050847 0.067039 0.050139 0.050000 0.072626 0.072626 0.052925 0.025000 0.078212 0.000000 0.148148 0.000000 0.052632 0.031429 0.078212 0.000000 0.148148 0.076923 0.058659 0.062147 0.058989 0.047222 0.062147 0.058989 0.067797 0.064972 0.076705 0.097276 0.052632 0.019943 0.078212 0.000000 0.148148 0.003003 0.052632 0.040000 0.055866 0.062147 0.058989 0.050704 0.086111 0.005556 0.065789 0.040000 0.061224 0.005587 0.062147 0.058989 0.050704 0.072222 0.005556 0.065789 0.025641 0.058659 0.050704 0.045070 0.124514 0.050704 0.121094 0.102778 0.065789 0.052023 0.073654 0.108527 0.085227 0.155224 0.118980 0.085470 0.101167 0.065789 0.052023 0.128405 0.091667 0.050847 0.088889 0.042373 0.039437 0.094444 0.091667 0.061281 0.069638 0.077994 0.127119 0.086351 0.050000 0.058333 0.083565 0.139205 0.042328 0.083333 0.139205 0.072222 0.044444 0.061111 0.074928 0.069231
1.688.13A.X:15082094-15082174 0.666667 0.123457 0.135802 0.123457 0.135802 0.111111 0.123457 0.123457 0.148148 0.135802 0.148148 0.135802 0.135802 0.135802 0.160494 0.160494 0.160494 0.135802 0.148148 0.148148 0.000000 0.444444 0.118421 0.259259 0.148148 0.148148 0.000000 0.444444 0.135802 0.135802 0.135802 0.123457 0.135802 0.135802 0.123457 0.148148 0.222222 0.641975 0.118421 0.246914 0.148148 0.148148 0.000000 0.444444 0.118421 0.246914 0.135802 0.135802 0.135802 0.123457 0.135802 0.123457 0.105263 0.246914 0.000000 0.617284 0.135802 0.135802 0.123457 0.135802 0.123457 0.105263 0.246914 0.135802 0.135802 0.135802 0.641975 0.135802 0.641975 0.135802 0.105263 0.246914 0.135802 0.641975 0.135802 0.135802 0.148148 0.222222 0.641975 0.105263 0.246914 0.641975 0.123457 0.148148 0.123457 0.123457 0.123457 0.135802 0.123457 0.148148 0.135802 0.148148 0.135802 0.160494 0.160494 0.172840 0.172840 0.135802 0.160494 0.666667 0.135802 0.160494 0.135802 0.172840 0.135802 0.160494
1.688.13A.X:15082164-15082496 0.109244 0.057057 0.087087 0.120120 0.125000 0.162162 0.087087 0.018018 0.063063 0.084084 0.066066 0.072072 0.048048 0.048048 0.072072 0.072072 0.054054 0.018018 0.081081 0.000000 0.444444 0.000000 0.381579 0.033033 0.081081 0.000000 0.444444 0.076923 0.060060 0.078078 0.063063 0.042042 0.078078 0.063063 0.081081 0.075075 0.093093 0.097276 0.381579 0.018018 0.081081 0.000000 0.444444 0.003003 0.381579 0.042042 0.057057 0.078078 0.063063 0.060060 0.081081 0.000000 0.381579 0.042042 0.551020 0.005587 0.078078 0.063063 0.060060 0.066066 0.000000 0.381579 0.024024 0.060060 0.063063 0.051051 0.124514 0.057057 0.121094 0.099099 0.381579 0.066066 0.087087 0.108527 0.102102 0.219219 0.135135 0.099099 0.101167 0.381579 0.066066 0.128405 0.090090 0.063063 0.087087 0.054054 0.048048 0.090090 0.090090 0.057057 0.066066 0.075075 0.075075 0.084084 0.042042 0.048048 0.081081 0.093093 0.164021 0.083333 0.093093 0.066066 0.036036 0.051051 0.105105 0.238462
1.688.13A.X:15082498-15082573 0.684211 0.052632 0.065789 0.052632 0.065789 0.039474 0.052632 0.026316 0.000000 0.039474 0.000000 0.039474 0.013158 0.039474 0.065789 0.065789 0.013158 0.013158 0.052632 0.052632 0.118421 0.381579 0.000000 0.157895 0.052632 0.052632 0.118421 0.381579 0.039474 0.039474 0.065789 0.052632 0.039474 0.065789 0.052632 0.092105 0.157895 0.592105 0.000000 0.131579 0.052632 0.052632 0.118421 0.381579 0.000000 0.131579 0.039474 0.039474 0.065789 0.052632 0.065789 0.026316 0.013158 0.131579 0.020408 0.684211 0.039474 0.065789 0.052632 0.065789 0.026316 0.013158 0.131579 0.039474 0.039474 0.065789 0.592105 0.065789 0.592105 0.065789 0.013158 0.131579 0.065789 0.592105 0.065789 0.065789 0.105263 0.184211 0.592105 0.013158 0.131579 0.592105 0.065789 0.092105 0.065789 0.052632 0.052632 0.065789 0.065789 0.052632 0.065789 0.039474 0.065789 0.065789 0.065789 0.078947 0.052632 0.065789 0.065789 0.644737 0.065789 0.065789 0.065789 0.078947 0.065789 0.105263
1.688.13A.X:15082580-15082929 0.117647 0.082857 0.114286 0.142857 0.103125 0.148368 0.108571 0.048571 0.071429 0.111429 0.074286 0.100000 0.054286 0.077143 0.080000 0.080000 0.062857 0.014286 0.085714 0.031429 0.259259 0.033033 0.157895 0.000000 0.085714 0.031429 0.259259 0.107692 0.065714 0.105714 0.091429 0.068571 0.105714 0.091429 0.105714 0.105714 0.120000 0.136187 0.157895 0.014286 0.085714 0.031429 0.259259 0.036036 0.157895 0.048571 0.062857 0.105714 0.091429 0.085714 0.108571 0.031429 0.144737 0.048571 0.183673 0.011173 0.105714 0.091429 0.085714 0.094286 0.031429 0.144737 0.031429 0.065714 0.091429 0.080000 0.159533 0.085714 0.160156 0.125714 0.144737 0.060694 0.114286 0.143411 0.128571 0.200000 0.137143 0.111429 0.140078 0.144737 0.060694 0.167315 0.114286 0.088571 0.111429 0.080000 0.074286 0.117143 0.114286 0.091429 0.085714 0.080000 0.157143 0.105714 0.071429 0.077143 0.082857 0.174286 0.126984 0.092949 0.174286 0.088571 0.065714 0.080000 0.123919 0.192308
1.688.13A.X:15082931-15083288 0.142857 0.089385 0.120787 0.112360 0.090625 0.139466 0.070621 0.081690 0.064972 0.112360 0.053672 0.050279 0.058659 0.078212 0.011173 0.019553 0.047486 0.064246 0.000000 0.078212 0.148148 0.081081 0.052632 0.085714 0.000000 0.078212 0.148148 0.160000 0.044693 0.101695 0.101124 0.089385 0.101695 0.101124 0.115819 0.101695 0.113636 0.136187 0.052632 0.071225 0.000000 0.078212 0.148148 0.084084 0.052632 0.080000 0.041899 0.101695 0.101124 0.098592 0.120112 0.072626 0.039474 0.080000 0.000000 0.055866 0.101695 0.101124 0.098592 0.106145 0.072626 0.039474 0.065527 0.044693 0.087324 0.087324 0.151751 0.090141 0.148438 0.136872 0.039474 0.069364 0.113314 0.135659 0.113636 0.164179 0.144476 0.150997 0.124514 0.039474 0.075145 0.155642 0.122905 0.107345 0.125698 0.101695 0.076056 0.122905 0.122905 0.067039 0.061453 0.053073 0.161017 0.122905 0.083799 0.092179 0.058659 0.156250 0.132275 0.067308 0.156250 0.106145 0.078212 0.094972 0.190202 0.115385
1.688.13A.X:15083290-15083649 0.109244 0.061111 0.081461 0.109551 0.053125 0.100890 0.073446 0.008451 0.048023 0.073034 0.050847 0.067039 0.050139 0.050000 0.072626 0.072626 0.052925 0.025000 0.078212 0.000000 0.148148 0.000000 0.052632 0.031429 0.078212 0.000000 0.148148 0.076923 0.058659 0.062147 0.058989 0.047222 0.062147 0.058989 0.067797 0.064972 0.076705 0.097276 0.052632 0.019943 0.078212 0.000000 0.148148 0.003003 0.052632 0.040000 0.055866 0.062147 0.058989 0.050704 0.086111 0.005556 0.065789 0.040000 0.061224 0.005587 0.062147 0.058989 0.050704 0.072222 0.005556 0.065789 0.025641 0.058659 0.050704 0.045070 0.124514 0.050704 0.121094 0.102778 0.065789 0.052023 0.073654 0.108527 0.085227 0.155224 0.118980 0.085470 0.101167 0.065789 0.052023 0.128405 0.091667 0.050847 0.088889 0.042373 0.039437 0.094444 0.091667 0.061281 0.069638 0.077994 0.127119 0.086351 0.050000 0.058333 0.083565 0.139205 0.042328 0.083333 0.139205 0.072222 0.044444 0.061111 0.074928 0.069231
1.688.13A.X:15083651-15083731 0.666667 0.123457 0.135802 0.123457 0.135802 0.111111 0.123457 0.123457 0.148148 0.135802 0.148148 0.135802 0.135802 0.135802 0.160494 0.160494 0.160494 0.135802 0.148148 0.148148 0.000000 0.444444 0.118421 0.259259 0.148148 0.148148 0.000000 0.444444 0.135802 0.135802 0.135802 0.123457 0.135802 0.135802 0.123457 0.148148 0.222222 0.641975 0.118421 0.246914 0.148148 0.148148 0.000000 0.444444 0.118421 0.246914 0.135802 0.135802 0.135802 0.123457 0.135802 0.123457 0.105263 0.246914 0.000000 0.617284 0.135802 0.135802 0.123457 0.135802 0.123457 0.105263 0.246914 0.135802 0.135802 0.135802 0.641975 0.135802 0.641975 0.135802 0.105263 0.246914 0.135802 0.641975 0.135802 0.135802 0.148148 0.222222 0.641975 0.105263 0.246914 0.641975 0.123457 0.148148 0.123457 0.123457 0.123457 0.135802 0.123457 0.148148 0.135802 0.148148 0.135802 0.160494 0.160494 0.172840 0.172840 0.135802 0.160494 0.666667 0.135802 0.160494 0.135802 0.172840 0.135802 0.160494
1.688.13A.X:15083721-15084045 0.142857 0.123077 0.110769 0.107692 0.128125 0.129231 0.147692 0.080000 0.126154 0.110769 0.129231 0.150769 0.126154 0.126154 0.150769 0.150769 0.132308 0.092308 0.160000 0.076923 0.444444 0.076923 0.381579 0.107692 0.160000 0.076923 0.444444 0.000000 0.138462 0.141538 0.123077 0.116923 0.141538 0.123077 0.135385 0.135385 0.153846 0.182879 0.381579 0.092308 0.160000 0.076923 0.444444 0.080000 0.381579 0.120000 0.135385 0.141538 0.123077 0.113846 0.123077 0.076923 0.381579 0.107692 0.551020 0.089385 0.141538 0.123077 0.113846 0.055385 0.076923 0.381579 0.101538 0.138462 0.126154 0.107692 0.186770 0.116923 0.183594 0.126154 0.381579 0.123077 0.147692 0.189922 0.138462 0.221538 0.135385 0.144615 0.182879 0.381579 0.123077 0.186770 0.080000 0.123077 0.076923 0.107692 0.107692 0.080000 0.080000 0.135385 0.144615 0.153846 0.061538 0.123077 0.120000 0.129231 0.160000 0.080000 0.164021 0.189103 0.080000 0.126154 0.113846 0.132308 0.101538 0.238462
1.688.13A.X:15084047-15084404 0.168067 0.103352 0.129213 0.115169 0.106250 0.151335 0.079096 0.061972 0.031073 0.123596 0.039548 0.064246 0.025140 0.094972 0.036313 0.036313 0.039106 0.044693 0.044693 0.058659 0.135802 0.060060 0.039474 0.065714 0.044693 0.058659 0.135802 0.138462 0.000000 0.112994 0.106742 0.089385 0.112994 0.106742 0.115819 0.112994 0.125000 0.124514 0.039474 0.051282 0.044693 0.058659 0.135802 0.063063 0.039474 0.071429 0.002793 0.112994 0.106742 0.098592 0.128492 0.053073 0.026316 0.071429 0.000000 0.005587 0.112994 0.106742 0.098592 0.114525 0.053073 0.026316 0.056980 0.005587 0.101408 0.092958 0.159533 0.098592 0.156250 0.145251 0.026316 0.083815 0.121813 0.135659 0.116477 0.173134 0.147309 0.142450 0.136187 0.026316 0.083815 0.163424 0.134078 0.098870 0.131285 0.090395 0.087324 0.139665 0.134078 0.069832 0.067039 0.061453 0.115819 0.131285 0.092179 0.100559 0.067039 0.102273 0.121693 0.076923 0.102273 0.114525 0.086592 0.103352 0.195965 0.100000
1.688.13A.X:15084406-15084759 0.088235 0.062147 0.076271 0.110169 0.053125 0.106825 0.076271 0.059322 0.101695 0.056497 0.090395 0.048023 0.104520 0.019774 0.096045 0.096045 0.093220 0.076271 0.101695 0.062147 0.135802 0.078078 0.039474 0.105714 0.101695 0.062147 0.135802 0.141538 0.112994 0.000000 0.056497 0.059322 0.000000 0.056497 0.081921 0.067797 0.079545 0.097276 0.039474 0.094017 0.101695 0.062147 0.135802 0.081081 0.039474 0.100000 0.110169 0.000000 0.056497 0.062147 0.084746 0.056497 0.052632 0.100000 0.040816 0.106145 0.000000 0.056497 0.062147 0.070621 0.056497 0.052632 0.085470 0.112994 0.022599 0.045198 0.120623 0.048023 0.117188 0.101695 0.052632 0.060694 0.079320 0.104651 0.088068 0.155224 0.135977 0.133903 0.101167 0.052632 0.060694 0.124514 0.090395 0.090395 0.093220 0.084746 0.036723 0.093220 0.090395 0.064972 0.073446 0.081921 0.127119 0.087571 0.048023 0.056497 0.087571 0.139205 0.074074 0.105769 0.139205 0.070621 0.042373 0.059322 0.092219 0.107692
1.688.13A.X:15084766-15085121 0.084034 0.058989 0.061798 0.109551 0.028125 0.094955 0.062147 0.056338 0.093220 0.070225 0.079096 0.070225 0.095506 0.044944 0.095506 0.081461 0.089888 0.067416 0.101124 0.058989 0.135802 0.063063 0.065789 0.091429 0.101124 0.058989 0.135802 0.123077 0.106742 0.056497 0.000000 0.039326 0.056497 0.000000 0.050847 0.042373 0.053977 0.093385 0.065789 0.079772 0.101124 0.058989 0.135802 0.066066 0.065789 0.077143 0.103933 0.056497 0.000000 0.033803 0.039326 0.053371 0.052632 0.082857 0.020408 0.089385 0.056497 0.000000 0.033803 0.056180 0.053371 0.052632 0.068376 0.106742 0.045070 0.016901 0.108949 0.028169 0.105469 0.058989 0.052632 0.046243 0.048159 0.093023 0.059659 0.131343 0.107649 0.108262 0.089494 0.052632 0.040462 0.112840 0.081461 0.064972 0.084270 0.073446 0.030986 0.078652 0.081461 0.061798 0.064607 0.078652 0.112994 0.073034 0.033708 0.042135 0.084270 0.125000 0.042328 0.099359 0.125000 0.056180 0.030899 0.044944 0.129683 0.061538
1.688.13A.X:15085128-15085487 0.084034 0.044444 0.064607 0.092697 0.031250 0.091988 0.059322 0.045070 0.084746 0.067416 0.070621 0.061453 0.080780 0.044444 0.083799 0.075419 0.075209 0.055556 0.089385 0.047222 0.123457 0.042042 0.052632 0.068571 0.089385 0.047222 0.123457 0.116923 0.089385 0.059322 0.039326 0.000000 0.059322 0.039326 0.019774 0.045198 0.056818 0.105058 0.052632 0.056980 0.089385 0.047222 0.123457 0.048048 0.052632 0.060000 0.086592 0.059322 0.039326 0.008451 0.066667 0.041667 0.039474 0.060000 0.000000 0.061453 0.059322 0.039326 0.008451 0.052778 0.041667 0.039474 0.045584 0.083799 0.047887 0.019718 0.112840 0.033803 0.109375 0.086111 0.039474 0.043353 0.050992 0.093023 0.059659 0.134328 0.099150 0.102564 0.097276 0.039474 0.031792 0.116732 0.077778 0.062147 0.080556 0.070621 0.028169 0.075000 0.077778 0.052925 0.055710 0.069638 0.110169 0.069638 0.036111 0.047222 0.075209 0.122159 0.042328 0.083333 0.122159 0.055556 0.030556 0.050000 0.060519 0.061538
1.688.13A.X:15085489-15085842 0.088235 0.062147 0.076271 0.110169 0.053125 0.106825 0.076271 0.059322 0.101695 0.056497 0.090395 0.048023 0.104520 0.019774 0.096045 0.096045 0.093220 0.076271 0.101695 0.062147 0.135802 0.078078 0.039474 0.105714 0.101695 0.062147 0.135802 0.141538 0.112994 0.000000 0.056497 0.059322 0.000000 0.056497 0.081921 0.067797 0.079545 0.097276 0.039474 0.094017 0.101695 0.062147 0.135802 0.081081 0.039474 0.100000 0.110169 0.000000 0.056497 0.062147 0.084746 0.056497 0.052632 0.100000 0.040816 0.106145 0.000000 0.056497 0.062147 0.070621 0.056497 0.052632 0.085470 0.112994 0.022599 0.045198 0.120623 0.048023 0.117188 0.101695 0.052632 0.060694 0.079320 0.104651 0.088068 0.155224 0.135977 0.133903 0.101167 0.052632 0.060694 0.124514 0.090395 0.090395 0.093220 0.084746 0.036723 0.093220 0.090395 0.064972 0.073446 0.081921 0.127119 0.087571 0.048023 0.056497 0.087571 0.139205 0.074074 0.105769 0.139205 0.070621 0.042373 0.059322 0.092219 0.107692
1.688.13A.X:15085849-15086204 0.084034 0.058989 0.061798 0.109551 0.028125 0.094955 0.062147 0.056338 0.093220 0.070225 0.079096 0.070225 0.095506 0.044944 0.095506 0.081461 0.089888 0.067416 0.101124 0.058989 0.135802 0.063063 0.065789 0.091429 0.101124 0.058989 0.135802 0.123077 0.106742 0.056497 0.000000 0.039326 0.056497 0.000000 0.050847 0.042373 0.053977 0.093385 0.065789 0.079772 0.101124 0.058989 0.135802 0.066066 0.065789 0.077143 0.103933 0.056497 0.000000 0.033803 0.039326 0.053371 0.052632 0.082857 0.020408 0.089385 0.056497 0.000000 0.033803 0.056180 0.053371 0.052632 0.068376 0.106742 0.045070 0.016901 0.108949 0.028169 0.105469 0.058989 0.052632 0.046243 0.048159 0.093023 0.059659 0.131343 0.107649 0.108262 0.089494 0.052632 0.040462 0.112840 0.081461 0.064972 0.084270 0.073446 0.030986 0.078652 0.081461 0.061798 0.064607 0.078652 0.112994 0.073034 0.033708 0.042135 0.084270 0.125000 0.042328 0.099359 0.125000 0.056180 0.030899 0.044944 0.129683 0.061538
1.688.13A.X:15086211-15086564 0.113445 0.064972 0.081921 0.115819 0.050000 0.109792 0.076271 0.067797 0.104520 0.084746 0.093220 0.087571 0.101695 0.064972 0.110169 0.101695 0.098870 0.076271 0.115819 0.067797 0.123457 0.081081 0.052632 0.105714 0.115819 0.067797 0.123457 0.135385 0.115819 0.081921 0.050847 0.019774 0.081921 0.050847 0.000000 0.070621 0.082386 0.108949 0.052632 0.094017 0.115819 0.067797 0.123457 0.087087 0.052632 0.097143 0.112994 0.081921 0.050847 0.016949 0.087571 0.062147 0.039474 0.097143 0.000000 0.100559 0.081921 0.050847 0.016949 0.073446 0.062147 0.039474 0.082621 0.110169 0.064972 0.033898 0.116732 0.048023 0.113281 0.104520 0.039474 0.063584 0.076487 0.096899 0.076705 0.137313 0.135977 0.128205 0.105058 0.039474 0.049133 0.120623 0.098870 0.087571 0.101695 0.090395 0.050847 0.096045 0.098870 0.076271 0.079096 0.093220 0.121469 0.062147 0.056497 0.067797 0.098870 0.136364 0.074074 0.125000 0.136364 0.076271 0.050847 0.070621 0.118156 0.061538
1.688.13A.X:15086571-15086924 0.105042 0.053672 0.067797 0.101695 0.034375 0.103858 0.062147 0.062147 0.104520 0.076271 0.096045 0.076271 0.101695 0.050847 0.096045 0.081921 0.101695 0.076271 0.101695 0.064972 0.148148 0.075075 0.092105 0.105714 0.101695 0.064972 0.148148 0.135385 0.112994 0.067797 0.042373 0.045198 0.067797 0.042373 0.070621 0.000000 0.017045 0.112840 0.092105 0.094017 0.101695 0.064972 0.148148 0.078078 0.092105 0.071429 0.110169 0.067797 0.042373 0.050847 0.070621 0.059322 0.078947 0.100000 0.020408 0.094972 0.067797 0.042373 0.050847 0.062147 0.059322 0.078947 0.088319 0.107345 0.053672 0.036723 0.128405 0.036723 0.125000 0.087571 0.078947 0.049133 0.016997 0.112403 0.073864 0.146269 0.096317 0.088319 0.093385 0.078947 0.060694 0.132296 0.062147 0.045198 0.064972 0.076271 0.033898 0.079096 0.062147 0.070621 0.062147 0.079096 0.124294 0.079096 0.039548 0.048023 0.084746 0.133523 0.058201 0.105769 0.133523 0.062147 0.031073 0.050847 0.083573 0.061538
1.688.13A.X:15086931-15087282 0.105042 0.065341 0.079545 0.113636 0.053125 0.121662 0.073864 0.073864 0.113636 0.088068 0.105114 0.088068 0.110795 0.062500 0.107955 0.093750 0.110795 0.085227 0.113636 0.076705 0.222222 0.093093 0.157895 0.120000 0.113636 0.076705 0.222222 0.153846 0.125000 0.079545 0.053977 0.056818 0.079545 0.053977 0.082386 0.017045 0.000000 0.108949 0.157895 0.108262 0.113636 0.076705 0.222222 0.096096 0.157895 0.085714 0.122159 0.079545 0.053977 0.062500 0.082386 0.071023 0.144737 0.114286 0.163265 0.094972 0.079545 0.053977 0.062500 0.073864 0.071023 0.144737 0.102564 0.119318 0.065341 0.048295 0.124514 0.048295 0.121094 0.099432 0.144737 0.063584 0.031250 0.108527 0.090909 0.164179 0.110795 0.102564 0.089494 0.144737 0.075145 0.128405 0.073864 0.053977 0.076705 0.088068 0.045455 0.090909 0.073864 0.082386 0.073864 0.088068 0.136364 0.090909 0.051136 0.059659 0.093750 0.150568 0.089947 0.099359 0.150568 0.073864 0.042614 0.062500 0.164265 0.107692
1.688.13A.X:15087329-15087585 0.357143 0.112840 0.124514 0.140078 0.175097 0.182879 0.097276 0.097276 0.120623 0.116732 0.108949 0.077821 0.120623 0.077821 0.124514 0.112840 0.116732 0.116732 0.136187 0.097276 0.641975 0.097276 0.592105 0.136187 0.136187 0.097276 0.641975 0.182879 0.124514 0.097276 0.093385 0.105058 0.097276 0.093385 0.108949 0.112840 0.108949 0.000000 0.592105 0.116732 0.136187 0.097276 0.641975 0.101167 0.592105 0.128405 0.128405 0.097276 0.093385 0.105058 0.136187 0.097276 0.592105 0.120623 0.612245 0.240223 0.097276 0.093385 0.105058 0.116732 0.097276 0.592105 0.105058 0.132296 0.070039 0.077821 0.038911 0.081712 0.035156 0.159533 0.592105 0.101167 0.132296 0.019455 0.120623 0.112840 0.186770 0.186770 0.019455 0.592105 0.101167 0.042802 0.151751 0.140078 0.155642 0.108949 0.081712 0.124514 0.151751 0.081712 0.085603 0.105058 0.163424 0.108949 0.085603 0.089494 0.112840 0.178988 0.433862 0.132296 0.178988 0.108949 0.077821 0.089494 0.140078 0.361538
1.688.13A.X:15087604-15087679 0.684211 0.052632 0.065789 0.052632 0.065789 0.039474 0.052632 0.026316 0.000000 0.039474 0.000000 0.039474 0.013158 0.039474 0.065789 0.065789 0.013158 0.013158 0.052632 0.052632 0.118421 0.381579 0.000000 0.157895 0.052632 0.052632 0.118421 0.381579 0.039474 0.039474 0.065789 0.052632 0.039474 0.065789 0.052632 0.092105 0.157895 0.592105 0.000000 0.131579 0.052632 0.052632 0.118421 0.381579 0.000000 0.131579 0.039474 0.039474 0.065789 0.052632 0.065789 0.026316 0.013158 0.131579 0.020408 0.684211 0.039474 0.065789 0.052632 0.065789 0.026316 0.013158 0.131579 0.039474 0.039474 0.065789 0.592105 0.065789 0.592105 0.065789 0.013158 0.131579 0.065789 0.592105 0.065789 0.065789 0.105263 0.184211 0.592105 0.013158 0.131579 0.592105 0.065789 0.092105 0.065789 0.052632 0.052632 0.065789 0.065789 0.052632 0.065789 0.039474 0.065789 0.065789 0.065789 0.078947 0.052632 0.065789 0.065789 0.644737 0.065789 0.065789 0.065789 0.078947 0.065789 0.105263
1.688.13A.X:15087686-15088036 0.117647 0.071225 0.102564 0.131054 0.087500 0.133531 0.096866 0.037037 0.056980 0.099715 0.059829 0.088319 0.039886 0.065527 0.065527 0.065527 0.048433 0.000000 0.071225 0.019943 0.246914 0.018018 0.131579 0.014286 0.071225 0.019943 0.246914 0.092308 0.051282 0.094017 0.079772 0.056980 0.094017 0.079772 0.094017 0.094017 0.108262 0.116732 0.131579 0.000000 0.071225 0.019943 0.246914 0.021021 0.131579 0.031429 0.048433 0.094017 0.079772 0.074074 0.096866 0.019943 0.118421 0.031429 0.183673 0.011173 0.094017 0.079772 0.074074 0.082621 0.019943 0.118421 0.017094 0.051282 0.079772 0.068376 0.140078 0.074074 0.140625 0.113960 0.118421 0.043353 0.102564 0.124031 0.116809 0.185075 0.148148 0.122507 0.120623 0.118421 0.043353 0.147860 0.102564 0.076923 0.099715 0.068376 0.062678 0.105413 0.102564 0.079772 0.074074 0.068376 0.145299 0.094017 0.059829 0.065527 0.071225 0.162393 0.100529 0.076923 0.162393 0.076923 0.054131 0.068376 0.109510 0.153846
