40
1.688.9E.X:10769780-10770062 0.000000 0.088339 0.084806 0.170124 0.208178 0.170124 0.211896 0.088339 0.109541 0.109541 0.088339 0.084806 0.060071 0.095406 0.084806 0.060071 0.098940 0.091873 0.084806 0.170124 0.194030 0.088339 0.091873 0.081272 0.106007 0.113074 0.088339 0.091873 0.081272 0.095406 0.324324 0.095406 0.327273 0.580247 0.095406 0.081272 0.084806 0.074205 0.289963 0.206897
1.688.9E.X:10770078-10770428 0.088339 0.000000 0.028490 0.029046 0.022305 0.029046 0.026022 0.025641 0.034483 0.039886 0.081395 0.021875 0.025641 0.087209 0.028125 0.025641 0.028490 0.084302 0.025641 0.029046 0.026119 0.031339 0.031339 0.028490 0.031339 0.022857 0.031339 0.031339 0.059829 0.022792 0.074324 0.025000 0.027273 0.123457 0.025000 0.037037 0.014245 0.022792 0.159851 0.206897
1.688.9E.X:10770439-10770789 0.084806 0.028490 0.000000 0.020747 0.003717 0.020747 0.007435 0.019943 0.050157 0.056980 0.090116 0.009375 0.056980 0.098837 0.003125 0.056980 0.048433 0.093023 0.002849 0.020747 0.055970 0.014245 0.031339 0.034188 0.031339 0.054286 0.014245 0.031339 0.062678 0.034188 0.054054 0.031250 0.000000 0.148148 0.031250 0.034188 0.022792 0.017094 0.167286 0.224138
1.688.9E.X:10770800-10771040 0.170124 0.029046 0.020747 0.000000 0.360996 0.000000 0.365145 0.012448 0.053942 0.053942 0.012448 0.020747 0.058091 0.020747 0.020747 0.058091 0.037344 0.012448 0.020747 0.000000 0.390041 0.020747 0.045643 0.020747 0.041494 0.066390 0.020747 0.045643 0.020747 0.037344 0.148649 0.037344 0.000000 0.592593 0.037344 0.012448 0.024896 0.008299 0.157676 0.206897
1.688.9E.X:10771060-10771328 0.208178 0.022305 0.003717 0.360996 0.000000 0.360996 0.003717 0.029740 0.174721 0.059480 0.130112 0.122677 0.037175 0.141264 0.115242 0.037175 0.044610 0.133829 0.000000 0.360996 0.052239 0.011152 0.018587 0.029740 0.022305 0.059480 0.011152 0.018587 0.070632 0.026022 0.601351 0.141264 0.700000 0.123457 0.141264 0.037175 0.022305 0.018587 0.457249 0.224138
1.688.9E.X:10771339-10771579 0.170124 0.029046 0.020747 0.000000 0.360996 0.000000 0.365145 0.012448 0.053942 0.053942 0.012448 0.020747 0.058091 0.020747 0.020747 0.058091 0.037344 0.012448 0.020747 0.000000 0.390041 0.020747 0.045643 0.020747 0.041494 0.066390 0.020747 0.045643 0.020747 0.037344 0.148649 0.037344 0.000000 0.592593 0.037344 0.012448 0.024896 0.008299 0.157676 0.206897
1.688.9E.X:10771599-10771867 0.211896 0.026022 0.007435 0.365145 0.003717 0.365145 0.000000 0.033457 0.178439 0.063197 0.133829 0.126394 0.040892 0.144981 0.118959 0.040892 0.048327 0.137546 0.003717 0.365145 0.055970 0.014870 0.022305 0.033457 0.026022 0.063197 0.014870 0.022305 0.074349 0.029740 0.574324 0.144981 0.709091 0.123457 0.144981 0.040892 0.026022 0.022305 0.457249 0.224138
1.688.9E.X:10771878-10772228 0.088339 0.025641 0.019943 0.012448 0.029740 0.012448 0.033457 0.000000 0.037618 0.042735 0.090116 0.021875 0.045584 0.095930 0.025000 0.045584 0.039886 0.093023 0.022792 0.012448 0.041045 0.025641 0.042735 0.034188 0.042735 0.042857 0.025641 0.042735 0.062678 0.034188 0.054054 0.037500 0.000000 0.160494 0.037500 0.034188 0.017094 0.017094 0.167286 0.224138
1.688.9E.X:10772239-10772557 0.109541 0.034483 0.050157 0.053942 0.174721 0.053942 0.178439 0.037618 0.000000 0.065831 0.053292 0.040752 0.050157 0.056426 0.047022 0.050157 0.053292 0.056426 0.047022 0.053942 0.119403 0.043887 0.062696 0.047022 0.062696 0.015674 0.043887 0.062696 0.056426 0.059561 0.121622 0.056426 0.000000 0.444444 0.056426 0.040752 0.050157 0.034483 0.208178 0.206897
1.688.9E.X:10772572-10772929 0.109541 0.039886 0.056980 0.053942 0.059480 0.053942 0.063197 0.042735 0.065831 0.000000 0.101744 0.050000 0.045070 0.107558 0.053125 0.045070 0.039326 0.104651 0.054131 0.053942 0.070896 0.044944 0.036723 0.042135 0.044944 0.057143 0.044944 0.036723 0.073034 0.048433 0.074324 0.046875 0.027273 0.049383 0.046875 0.050562 0.037037 0.044693 0.182156 0.293103
1.688.9E.X:10772935-10773278 0.088339 0.081395 0.090116 0.012448 0.130112 0.012448 0.133829 0.090116 0.053292 0.101744 0.000000 0.028125 0.101744 0.005814 0.028125 0.101744 0.087209 0.002907 0.090116 0.012448 0.089552 0.090116 0.090116 0.081395 0.090116 0.055233 0.090116 0.090116 0.078488 0.087209 0.074324 0.025000 0.027273 0.259259 0.025000 0.087209 0.078488 0.081395 0.156134 0.206897
1.688.9E.X:10773289-10773608 0.084806 0.021875 0.009375 0.020747 0.122677 0.020747 0.126394 0.021875 0.040752 0.050000 0.028125 0.000000 0.046875 0.037500 0.006250 0.046875 0.034375 0.031250 0.006250 0.020747 0.160448 0.012500 0.031250 0.021875 0.031250 0.053125 0.012500 0.031250 0.031250 0.034375 0.121622 0.034375 0.000000 0.444444 0.034375 0.015625 0.025000 0.009375 0.167286 0.224138
1.688.9E.X:10773623-10773977 0.060071 0.025641 0.056980 0.058091 0.037175 0.058091 0.040892 0.045584 0.050157 0.045070 0.101744 0.046875 0.000000 0.107558 0.053125 0.000000 0.039437 0.104651 0.054131 0.058091 0.029851 0.042254 0.039548 0.039437 0.042254 0.042857 0.042254 0.039548 0.070423 0.048433 0.094595 0.046875 0.081818 0.037037 0.046875 0.047887 0.039886 0.036620 0.185874 0.224138
1.688.9E.X:10773983-10774326 0.095406 0.087209 0.098837 0.020747 0.141264 0.020747 0.144981 0.095930 0.056426 0.107558 0.005814 0.037500 0.107558 0.000000 0.037500 0.107558 0.081395 0.008721 0.098837 0.020747 0.097015 0.095930 0.095930 0.087209 0.095930 0.061047 0.095930 0.095930 0.084302 0.093023 0.074324 0.025000 0.027273 0.259259 0.025000 0.093023 0.084302 0.087209 0.163569 0.206897
1.688.9E.X:10774337-10774656 0.084806 0.028125 0.003125 0.020747 0.115242 0.020747 0.118959 0.025000 0.047022 0.053125 0.028125 0.006250 0.053125 0.037500 0.000000 0.053125 0.037500 0.031250 0.000000 0.020747 0.167910 0.006250 0.025000 0.021875 0.025000 0.059375 0.006250 0.025000 0.031250 0.034375 0.121622 0.028125 0.000000 0.444444 0.028125 0.015625 0.028125 0.009375 0.167286 0.224138
1.688.9E.X:10774671-10775025 0.060071 0.025641 0.056980 0.058091 0.037175 0.058091 0.040892 0.045584 0.050157 0.045070 0.101744 0.046875 0.000000 0.107558 0.053125 0.000000 0.039437 0.104651 0.054131 0.058091 0.029851 0.042254 0.039548 0.039437 0.042254 0.042857 0.042254 0.039548 0.070423 0.048433 0.094595 0.046875 0.081818 0.037037 0.046875 0.047887 0.039886 0.036620 0.185874 0.224138
1.688.9E.X:10775031-10775386 0.098940 0.028490 0.048433 0.037344 0.044610 0.037344 0.048327 0.039886 0.053292 0.039326 0.087209 0.034375 0.039437 0.081395 0.037500 0.039437 0.000000 0.090116 0.042735 0.037344 0.063433 0.033708 0.028249 0.030899 0.033708 0.051429 0.033708 0.028249 0.058989 0.037037 0.054054 0.018750 0.027273 0.037037 0.018750 0.030899 0.028490 0.028090 0.167286 0.206897
1.688.9E.X:10775392-10775735 0.091873 0.084302 0.093023 0.012448 0.133829 0.012448 0.137546 0.093023 0.056426 0.104651 0.002907 0.031250 0.104651 0.008721 0.031250 0.104651 0.090116 0.000000 0.093023 0.012448 0.093284 0.093023 0.093023 0.084302 0.093023 0.058140 0.093023 0.093023 0.081395 0.090116 0.074324 0.028125 0.027273 0.259259 0.028125 0.090116 0.081395 0.084302 0.163569 0.206897
1.688.9E.X:10775746-10776096 0.084806 0.025641 0.002849 0.020747 0.000000 0.020747 0.003717 0.022792 0.047022 0.054131 0.090116 0.006250 0.054131 0.098837 0.000000 0.054131 0.042735 0.093023 0.000000 0.020747 0.052239 0.011396 0.028490 0.031339 0.028490 0.051429 0.011396 0.028490 0.062678 0.031339 0.054054 0.028125 0.000000 0.123457 0.028125 0.028490 0.025641 0.014245 0.167286 0.224138
1.688.9E.X:10776107-10776347 0.170124 0.029046 0.020747 0.000000 0.360996 0.000000 0.365145 0.012448 0.053942 0.053942 0.012448 0.020747 0.058091 0.020747 0.020747 0.058091 0.037344 0.012448 0.020747 0.000000 0.390041 0.020747 0.045643 0.020747 0.041494 0.066390 0.020747 0.045643 0.020747 0.037344 0.148649 0.037344 0.000000 0.592593 0.037344 0.012448 0.024896 0.008299 0.157676 0.206897
1.688.9E.X:10776367-10776634 0.194030 0.026119 0.055970 0.390041 0.052239 0.390041 0.055970 0.041045 0.119403 0.070896 0.089552 0.160448 0.029851 0.097015 0.167910 0.029851 0.063433 0.093284 0.052239 0.390041 0.000000 0.052239 0.059701 0.055970 0.063433 0.003731 0.052239 0.059701 0.097015 0.052239 0.587838 0.175373 0.636364 0.123457 0.175373 0.063433 0.044776 0.044776 0.492537 0.224138
1.688.9E.X:10776645-10777000 0.088339 0.031339 0.014245 0.020747 0.011152 0.020747 0.014870 0.025641 0.043887 0.044944 0.090116 0.012500 0.042254 0.095930 0.006250 0.042254 0.033708 0.093023 0.011396 0.020747 0.052239 0.000000 0.016949 0.025281 0.022472 0.054286 0.000000 0.016949 0.056180 0.037037 0.040541 0.028125 0.009091 0.037037 0.028125 0.022472 0.031339 0.011236 0.167286 0.206897
1.688.9E.X:10777008-10777361 0.091873 0.031339 0.031339 0.045643 0.018587 0.045643 0.022305 0.042735 0.062696 0.036723 0.090116 0.031250 0.039548 0.095930 0.025000 0.039548 0.028249 0.093023 0.028490 0.045643 0.059701 0.016949 0.000000 0.025424 0.016949 0.054286 0.016949 0.000000 0.056497 0.037037 0.067568 0.028125 0.045455 0.037037 0.028125 0.033898 0.031339 0.022599 0.159851 0.206897
1.688.9E.X:10777367-10777722 0.081272 0.028490 0.034188 0.020747 0.029740 0.020747 0.033457 0.034188 0.047022 0.042135 0.081395 0.021875 0.039437 0.087209 0.021875 0.039437 0.030899 0.084302 0.031339 0.020747 0.055970 0.025281 0.025424 0.000000 0.030899 0.051429 0.025281 0.025424 0.030899 0.028490 0.074324 0.025000 0.027273 0.012346 0.025000 0.019663 0.028490 0.019663 0.163569 0.206897
1.688.9E.X:10777728-10778083 0.106007 0.031339 0.031339 0.041494 0.022305 0.041494 0.026022 0.042735 0.062696 0.044944 0.090116 0.031250 0.042254 0.095930 0.025000 0.042254 0.033708 0.093023 0.028490 0.041494 0.063433 0.022472 0.016949 0.030899 0.000000 0.054286 0.022472 0.016949 0.061798 0.019943 0.067568 0.028125 0.045455 0.049383 0.028125 0.039326 0.025641 0.028090 0.163569 0.258621
1.688.9E.X:10778089-10778438 0.113074 0.022857 0.054286 0.066390 0.059480 0.066390 0.063197 0.042857 0.015674 0.057143 0.055233 0.053125 0.042857 0.061047 0.059375 0.042857 0.051429 0.058140 0.051429 0.066390 0.003731 0.054286 0.054286 0.051429 0.054286 0.000000 0.054286 0.054286 0.082857 0.045714 0.081081 0.053125 0.036364 0.123457 0.053125 0.060000 0.037143 0.045714 0.197026 0.224138
1.688.9E.X:10778449-10778804 0.088339 0.031339 0.014245 0.020747 0.011152 0.020747 0.014870 0.025641 0.043887 0.044944 0.090116 0.012500 0.042254 0.095930 0.006250 0.042254 0.033708 0.093023 0.011396 0.020747 0.052239 0.000000 0.016949 0.025281 0.022472 0.054286 0.000000 0.016949 0.056180 0.037037 0.040541 0.028125 0.009091 0.037037 0.028125 0.022472 0.031339 0.011236 0.167286 0.206897
1.688.9E.X:10778812-10779165 0.091873 0.031339 0.031339 0.045643 0.018587 0.045643 0.022305 0.042735 0.062696 0.036723 0.090116 0.031250 0.039548 0.095930 0.025000 0.039548 0.028249 0.093023 0.028490 0.045643 0.059701 0.016949 0.000000 0.025424 0.016949 0.054286 0.016949 0.000000 0.056497 0.037037 0.067568 0.028125 0.045455 0.037037 0.028125 0.033898 0.031339 0.022599 0.159851 0.206897
1.688.9E.X:10779171-10779526 0.081272 0.059829 0.062678 0.020747 0.070632 0.020747 0.074349 0.062678 0.056426 0.073034 0.078488 0.031250 0.070423 0.084302 0.031250 0.070423 0.058989 0.081395 0.062678 0.020747 0.097015 0.056180 0.056497 0.030899 0.061798 0.082857 0.056180 0.056497 0.000000 0.059829 0.081081 0.034375 0.027273 0.135802 0.034375 0.047753 0.056980 0.050562 0.163569 0.206897
1.688.9E.X:10779532-10779882 0.095406 0.022792 0.034188 0.037344 0.026022 0.037344 0.029740 0.034188 0.059561 0.048433 0.087209 0.034375 0.048433 0.093023 0.034375 0.048433 0.037037 0.090116 0.031339 0.037344 0.052239 0.037037 0.037037 0.028490 0.019943 0.045714 0.037037 0.037037 0.059829 0.000000 0.087838 0.031250 0.045455 0.123457 0.031250 0.042735 0.017094 0.028490 0.174721 0.258621
1.688.9E.X:10779893-10780040 0.324324 0.074324 0.054054 0.148649 0.601351 0.148649 0.574324 0.054054 0.121622 0.074324 0.074324 0.121622 0.094595 0.074324 0.121622 0.094595 0.054054 0.074324 0.054054 0.148649 0.587838 0.040541 0.067568 0.074324 0.067568 0.081081 0.040541 0.067568 0.081081 0.087838 0.000000 0.155405 0.000000 0.530864 0.155405 0.054054 0.081081 0.033784 0.189189 0.603448
1.688.9E.X:10780050-10780369 0.095406 0.025000 0.031250 0.037344 0.141264 0.037344 0.144981 0.037500 0.056426 0.046875 0.025000 0.034375 0.046875 0.025000 0.028125 0.046875 0.018750 0.028125 0.028125 0.037344 0.175373 0.028125 0.028125 0.025000 0.028125 0.053125 0.028125 0.028125 0.034375 0.031250 0.155405 0.000000 0.045455 0.444444 0.000000 0.025000 0.025000 0.025000 0.159851 0.206897
1.688.9E.X:10780627-10780736 0.327273 0.027273 0.000000 0.000000 0.700000 0.000000 0.709091 0.000000 0.000000 0.027273 0.027273 0.000000 0.081818 0.027273 0.000000 0.081818 0.027273 0.027273 0.000000 0.000000 0.636364 0.009091 0.045455 0.027273 0.045455 0.036364 0.009091 0.045455 0.027273 0.045455 0.000000 0.045455 0.000000 0.691358 0.045455 0.000000 0.036364 0.000000 0.045455 0.637931
1.688.9E.X:10780747-10780827 0.580247 0.123457 0.148148 0.592593 0.123457 0.592593 0.123457 0.160494 0.444444 0.049383 0.259259 0.444444 0.037037 0.259259 0.444444 0.037037 0.037037 0.259259 0.123457 0.592593 0.123457 0.037037 0.037037 0.012346 0.049383 0.123457 0.037037 0.037037 0.135802 0.123457 0.530864 0.444444 0.691358 0.000000 0.444444 0.000000 0.148148 0.049383 0.592593 0.586207
1.688.9E.X:10780833-10781152 0.095406 0.025000 0.031250 0.037344 0.141264 0.037344 0.144981 0.037500 0.056426 0.046875 0.025000 0.034375 0.046875 0.025000 0.028125 0.046875 0.018750 0.028125 0.028125 0.037344 0.175373 0.028125 0.028125 0.025000 0.028125 0.053125 0.028125 0.028125 0.034375 0.031250 0.155405 0.000000 0.045455 0.444444 0.000000 0.025000 0.025000 0.025000 0.159851 0.206897
1.688.9E.X:10781410-10781765 0.081272 0.037037 0.034188 0.012448 0.037175 0.012448 0.040892 0.034188 0.040752 0.050562 0.087209 0.015625 0.047887 0.093023 0.015625 0.047887 0.030899 0.090116 0.028490 0.012448 0.063433 0.022472 0.033898 0.019663 0.039326 0.060000 0.022472 0.033898 0.047753 0.042735 0.054054 0.025000 0.000000 0.000000 0.025000 0.000000 0.039886 0.016854 0.171004 0.206897
1.688.9E.X:10781771-10782121 0.084806 0.014245 0.022792 0.024896 0.022305 0.024896 0.026022 0.017094 0.050157 0.037037 0.078488 0.025000 0.039886 0.084302 0.028125 0.039886 0.028490 0.081395 0.025641 0.024896 0.044776 0.031339 0.031339 0.028490 0.025641 0.037143 0.031339 0.031339 0.056980 0.017094 0.081081 0.025000 0.036364 0.148148 0.025000 0.039886 0.000000 0.022792 0.156134 0.258621
1.688.9E.X:10782132-10782492 0.074205 0.022792 0.017094 0.008299 0.018587 0.008299 0.022305 0.017094 0.034483 0.044693 0.081395 0.009375 0.036620 0.087209 0.009375 0.036620 0.028090 0.084302 0.014245 0.008299 0.044776 0.011236 0.022599 0.019663 0.028090 0.045714 0.011236 0.022599 0.050562 0.028490 0.033784 0.025000 0.000000 0.049383 0.025000 0.016854 0.022792 0.000000 0.159851 0.206897
1.688.9E.X:10782493-10782761 0.289963 0.159851 0.167286 0.157676 0.457249 0.157676 0.457249 0.167286 0.208178 0.182156 0.156134 0.167286 0.185874 0.163569 0.167286 0.185874 0.167286 0.163569 0.167286 0.157676 0.492537 0.167286 0.159851 0.163569 0.163569 0.197026 0.167286 0.159851 0.163569 0.174721 0.189189 0.159851 0.045455 0.592593 0.159851 0.171004 0.156134 0.159851 0.000000 0.224138
1.688.9E.X:10782766-10782823 0.206897 0.206897 0.224138 0.206897 0.224138 0.206897 0.224138 0.224138 0.206897 0.293103 0.206897 0.224138 0.224138 0.206897 0.224138 0.224138 0.206897 0.206897 0.224138 0.206897 0.224138 0.206897 0.206897 0.206897 0.258621 0.224138 0.206897 0.206897 0.206897 0.258621 0.603448 0.206897 0.637931 0.586207 0.206897 0.206897 0.258621 0.206897 0.224138 0.000000
