99
1.688.11A.X:12070843-12070967 0.000000 0.280000 0.280000 0.280000 0.328000 0.296000 0.320000 0.336000 0.344000 0.280000 0.336000 0.280000 0.312000 0.336000 0.296000 0.280000 0.328000 0.344000 0.328000 0.280000 0.288000 0.312000 0.304000 0.336000 0.328000 0.328000 0.280000 0.288000 0.336000 0.296000 0.336000 0.280000 0.328000 0.328000 0.288000 0.328000 0.288000 0.288000 0.336000 0.320000 0.336000 0.280000 0.312000 0.288000 0.280000 0.328000 0.304000 0.312000 0.304000 0.296000 0.288000 0.280000 0.328000 0.288000 0.328000 0.280000 0.328000 0.288000 0.280000 0.280000 0.288000 0.280000 0.280000 0.288000 0.328000 0.288000 0.280000 0.296000 0.280000 0.328000 0.288000 0.288000 0.288000 0.280000 0.280000 0.280000 0.328000 0.288000 0.328000 0.280000 0.336000 0.280000 0.328000 0.288000 0.320000 0.320000 0.272000 0.312000 0.272000 0.288000 0.280000 0.280000 0.280000 0.272000 0.304000 0.264000 0.272000 0.304000 0.264000
1.688.11A.X:12071044-12071270 0.280000 0.000000 0.052863 0.057269 0.079295 0.070485 0.035242 0.061674 0.052863 0.022026 0.048458 0.022026 0.048458 0.048458 0.008811 0.000000 0.088106 0.057269 0.030837 0.004405 0.008811 0.030837 0.017621 0.048458 0.030837 0.030837 0.004405 0.008811 0.044053 0.048458 0.048458 0.026432 0.030837 0.035242 0.008811 0.035242 0.004405 0.008811 0.044053 0.074890 0.048458 0.022026 0.026432 0.004405 0.000000 0.088106 0.017621 0.026432 0.061674 0.066079 0.004405 0.000000 0.088106 0.008811 0.070485 0.000000 0.030837 0.004405 0.052863 0.052863 0.026432 0.052863 0.052863 0.026432 0.030837 0.004405 0.052863 0.026432 0.052863 0.079295 0.026432 0.004405 0.110132 0.066079 0.061674 0.026432 0.030837 0.004405 0.079295 0.052863 0.035242 0.052863 0.030837 0.004405 0.035242 0.035242 0.052863 0.057269 0.048458 0.017621 0.052863 0.052863 0.052863 0.048458 0.030837 0.026432 0.057269 0.030837 0.026432
1.688.11A.X:12071295-12071654 0.280000 0.052863 0.000000 0.066667 0.083333 0.080556 0.091667 0.083333 0.102778 0.061798 0.102778 0.061798 0.077778 0.105556 0.078652 0.052863 0.108333 0.094708 0.111732 0.077778 0.077778 0.091667 0.111111 0.102778 0.088889 0.091667 0.077778 0.077778 0.100000 0.081461 0.102778 0.061111 0.088889 0.097222 0.077778 0.097493 0.075000 0.077778 0.100000 0.084507 0.100000 0.061798 0.088889 0.072222 0.052863 0.105556 0.080556 0.088889 0.086111 0.077778 0.057269 0.052863 0.105556 0.077778 0.083333 0.052863 0.088889 0.072222 0.005556 0.000000 0.069638 0.005556 0.000000 0.078212 0.088889 0.072222 0.005556 0.022599 0.072222 0.013928 0.067416 0.072222 0.127907 0.080556 0.077778 0.072222 0.091667 0.075000 0.080556 0.069444 0.053824 0.069444 0.056657 0.075000 0.056657 0.094444 0.042493 0.066667 0.066667 0.087079 0.063889 0.072222 0.063889 0.066667 0.097222 0.055556 0.083333 0.097222 0.055556
1.688.11A.X:12071660-12072021 0.280000 0.057269 0.066667 0.000000 0.022161 0.019337 0.072222 0.080332 0.035912 0.022472 0.035912 0.022472 0.011050 0.038674 0.044944 0.057269 0.052486 0.075209 0.100559 0.060942 0.077778 0.030387 0.093923 0.035912 0.069444 0.072222 0.060942 0.077778 0.038674 0.042135 0.035912 0.038781 0.069444 0.077778 0.060942 0.077994 0.058172 0.060942 0.038674 0.045070 0.033149 0.022472 0.027624 0.055402 0.057269 0.049724 0.063712 0.027624 0.024862 0.016575 0.061674 0.057269 0.049724 0.060942 0.022099 0.057269 0.069444 0.055402 0.072222 0.066667 0.061281 0.072222 0.066667 0.069832 0.069444 0.055402 0.072222 0.090395 0.011050 0.080780 0.033708 0.055402 0.061047 0.019337 0.016575 0.052632 0.072222 0.058172 0.019337 0.008287 0.121813 0.008287 0.124646 0.058172 0.124646 0.075000 0.110482 0.005525 0.008287 0.047753 0.002762 0.013812 0.002762 0.005525 0.030387 0.038781 0.016575 0.030387 0.038781
1.688.11A.X:12072027-12072387 0.328000 0.079295 0.083333 0.022161 0.000000 0.036011 0.091667 0.099723 0.058172 0.047753 0.058172 0.047753 0.033241 0.060942 0.064607 0.079295 0.069252 0.094708 0.117318 0.080332 0.097222 0.047091 0.110803 0.058172 0.088889 0.091667 0.080332 0.097222 0.055402 0.067416 0.058172 0.063712 0.088889 0.097222 0.080332 0.097493 0.077562 0.080332 0.055402 0.070423 0.055402 0.047753 0.044321 0.074792 0.079295 0.066482 0.083102 0.044321 0.041551 0.033241 0.083700 0.079295 0.066482 0.080332 0.038781 0.079295 0.088889 0.074792 0.088889 0.083333 0.080780 0.088889 0.083333 0.089385 0.088889 0.074792 0.088889 0.107345 0.027701 0.066852 0.053371 0.074792 0.168605 0.044321 0.033241 0.074792 0.091667 0.077562 0.005540 0.024931 0.138810 0.024931 0.141643 0.077562 0.141643 0.094444 0.127479 0.022161 0.024931 0.073034 0.019391 0.019391 0.019391 0.022161 0.052632 0.058172 0.038781 0.052632 0.058172
1.688.11A.X:12072393-12072754 0.296000 0.070485 0.080556 0.019337 0.036011 0.000000 0.080556 0.088643 0.049724 0.036517 0.049724 0.036517 0.016575 0.052486 0.044944 0.070485 0.038674 0.083565 0.108939 0.069252 0.077778 0.030387 0.080110 0.049724 0.077778 0.080556 0.069252 0.077778 0.046961 0.056180 0.049724 0.044321 0.077778 0.086111 0.060942 0.086351 0.066482 0.060942 0.046961 0.059155 0.046961 0.036517 0.027624 0.055402 0.070485 0.035912 0.049861 0.027624 0.033149 0.002762 0.061674 0.070485 0.035912 0.060942 0.022099 0.070485 0.077778 0.063712 0.080556 0.080556 0.075209 0.080556 0.080556 0.083799 0.077778 0.063712 0.080556 0.104520 0.019337 0.094708 0.033708 0.063712 0.061047 0.033149 0.016575 0.052632 0.080556 0.066482 0.033149 0.016575 0.135977 0.016575 0.133144 0.066482 0.133144 0.083333 0.118980 0.019337 0.016575 0.061798 0.016575 0.022099 0.016575 0.013812 0.044199 0.047091 0.030387 0.044199 0.047091
1.688.11A.X:12072755-12073114 0.320000 0.035242 0.091667 0.072222 0.091667 0.080556 0.000000 0.033333 0.047222 0.039326 0.047222 0.039326 0.052778 0.050000 0.028090 0.035242 0.097222 0.016713 0.033520 0.022222 0.044444 0.038889 0.058333 0.047222 0.002778 0.005556 0.022222 0.044444 0.038889 0.047753 0.047222 0.038889 0.002778 0.008333 0.025000 0.008357 0.019444 0.025000 0.038889 0.064789 0.044444 0.039326 0.036111 0.022222 0.035242 0.094444 0.030556 0.036111 0.069444 0.063889 0.039648 0.035242 0.094444 0.025000 0.066667 0.035242 0.002778 0.016667 0.086111 0.091667 0.077994 0.086111 0.091667 0.086592 0.002778 0.016667 0.086111 0.107345 0.066667 0.105850 0.044944 0.016667 0.049419 0.069444 0.063889 0.050000 0.005556 0.019444 0.072222 0.063889 0.073654 0.063889 0.070822 0.019444 0.065156 0.002778 0.113314 0.058333 0.069444 0.036517 0.055556 0.069444 0.055556 0.066667 0.063889 0.038889 0.083333 0.063889 0.038889
1.688.11A.X:12073115-12073475 0.336000 0.061674 0.083333 0.080332 0.099723 0.088643 0.033333 0.000000 0.077562 0.044944 0.077562 0.044944 0.060942 0.080332 0.061798 0.061674 0.108033 0.050139 0.064246 0.058172 0.069444 0.074792 0.080332 0.077562 0.036111 0.038889 0.058172 0.069444 0.074792 0.056180 0.077562 0.047091 0.036111 0.041667 0.060942 0.041783 0.055402 0.060942 0.074792 0.067606 0.074792 0.044944 0.072022 0.058172 0.061674 0.105263 0.066482 0.072022 0.080332 0.072022 0.066079 0.061674 0.105263 0.060942 0.077562 0.061674 0.036111 0.052632 0.077778 0.083333 0.069638 0.077778 0.083333 0.078212 0.036111 0.052632 0.077778 0.098870 0.074792 0.097493 0.050562 0.052632 0.061047 0.077562 0.072022 0.058172 0.038889 0.055402 0.080332 0.072022 0.093484 0.072022 0.090652 0.055402 0.084986 0.036111 0.104816 0.066482 0.077562 0.064607 0.063712 0.077562 0.063712 0.074792 0.094183 0.047091 0.091413 0.094183 0.047091
1.688.11A.X:12073476-12073842 0.344000 0.052863 0.102778 0.035912 0.058172 0.049724 0.047222 0.077562 0.000000 0.042135 0.005450 0.042135 0.029973 0.008174 0.042135 0.052863 0.073973 0.050139 0.075419 0.036011 0.058333 0.021798 0.084932 0.005450 0.044444 0.047222 0.036011 0.058333 0.008174 0.042135 0.005450 0.044321 0.044444 0.050000 0.041551 0.050139 0.033241 0.041551 0.008174 0.045070 0.002725 0.042135 0.024523 0.038781 0.052863 0.071233 0.047091 0.024523 0.057221 0.046322 0.057269 0.052863 0.071233 0.041551 0.054496 0.052863 0.044444 0.030471 0.094444 0.102778 0.086351 0.094444 0.102778 0.094972 0.044444 0.030471 0.094444 0.115819 0.033149 0.116992 0.053371 0.030471 0.058140 0.043597 0.040872 0.060942 0.047222 0.033241 0.051913 0.030387 0.116147 0.030387 0.113314 0.033241 0.113314 0.050000 0.130312 0.040872 0.038674 0.036517 0.038147 0.035912 0.038147 0.035912 0.027624 0.044321 0.046961 0.027624 0.044321
1.688.11A.X:12073848-12074203 0.280000 0.022026 0.061798 0.022472 0.047753 0.036517 0.039326 0.044944 0.042135 0.000000 0.042135 0.000000 0.016854 0.044944 0.022472 0.022026 0.070225 0.053371 0.073034 0.025281 0.042135 0.036517 0.056180 0.042135 0.036517 0.039326 0.025281 0.042135 0.044944 0.019663 0.042135 0.002809 0.036517 0.042135 0.022472 0.044944 0.022472 0.022472 0.044944 0.030986 0.039326 0.000000 0.033708 0.019663 0.022026 0.067416 0.028090 0.033708 0.042135 0.033708 0.026432 0.022026 0.067416 0.022472 0.039326 0.022026 0.036517 0.019663 0.061798 0.061798 0.036517 0.061798 0.061798 0.047753 0.036517 0.019663 0.061798 0.073446 0.028090 0.078652 0.011236 0.019663 0.037791 0.036517 0.033708 0.016854 0.039326 0.022472 0.042135 0.025281 0.104816 0.025281 0.101983 0.022472 0.101983 0.042135 0.087819 0.028090 0.025281 0.025281 0.025281 0.030899 0.025281 0.022472 0.036517 0.008427 0.033708 0.036517 0.008427
1.688.11A.X:12074204-12074570 0.336000 0.048458 0.102778 0.035912 0.058172 0.049724 0.047222 0.077562 0.005450 0.042135 0.000000 0.042135 0.029973 0.008174 0.042135 0.048458 0.073973 0.050139 0.078212 0.038781 0.058333 0.021798 0.084932 0.005450 0.044444 0.050000 0.038781 0.058333 0.008174 0.042135 0.005450 0.044321 0.044444 0.052778 0.041551 0.050139 0.036011 0.041551 0.008174 0.045070 0.002725 0.042135 0.024523 0.038781 0.048458 0.071233 0.047091 0.024523 0.051771 0.046322 0.052863 0.048458 0.071233 0.041551 0.054496 0.048458 0.044444 0.030471 0.094444 0.102778 0.086351 0.094444 0.102778 0.094972 0.044444 0.030471 0.094444 0.115819 0.033149 0.116992 0.053371 0.030471 0.058140 0.043597 0.040872 0.060942 0.047222 0.036011 0.051913 0.030387 0.116147 0.030387 0.113314 0.036011 0.113314 0.050000 0.130312 0.040872 0.038674 0.036517 0.038147 0.035912 0.038147 0.035912 0.027624 0.044321 0.046961 0.027624 0.044321
1.688.11A.X:12074576-12074931 0.280000 0.022026 0.061798 0.022472 0.047753 0.036517 0.039326 0.044944 0.042135 0.000000 0.042135 0.000000 0.016854 0.044944 0.022472 0.022026 0.070225 0.053371 0.073034 0.025281 0.042135 0.036517 0.056180 0.042135 0.036517 0.039326 0.025281 0.042135 0.044944 0.019663 0.042135 0.002809 0.036517 0.042135 0.022472 0.044944 0.022472 0.022472 0.044944 0.030986 0.039326 0.000000 0.033708 0.019663 0.022026 0.067416 0.028090 0.033708 0.042135 0.033708 0.026432 0.022026 0.067416 0.022472 0.039326 0.022026 0.036517 0.019663 0.061798 0.061798 0.036517 0.061798 0.061798 0.047753 0.036517 0.019663 0.061798 0.073446 0.028090 0.078652 0.011236 0.019663 0.037791 0.036517 0.033708 0.016854 0.039326 0.022472 0.042135 0.025281 0.104816 0.025281 0.101983 0.022472 0.101983 0.042135 0.087819 0.028090 0.025281 0.025281 0.025281 0.030899 0.025281 0.022472 0.036517 0.008427 0.033708 0.036517 0.008427
1.688.11A.X:12074932-12075298 0.312000 0.048458 0.077778 0.011050 0.033241 0.016575 0.052778 0.060942 0.029973 0.016854 0.029973 0.016854 0.000000 0.032698 0.033708 0.048458 0.043836 0.055710 0.081006 0.041551 0.050000 0.019074 0.073973 0.029973 0.050000 0.052778 0.041551 0.050000 0.032698 0.036517 0.029973 0.013850 0.050000 0.055556 0.033241 0.055710 0.038781 0.033241 0.032698 0.039437 0.027248 0.016854 0.016349 0.030471 0.048458 0.041096 0.036011 0.016349 0.029973 0.013624 0.044053 0.048458 0.041096 0.033241 0.021798 0.048458 0.050000 0.036011 0.077778 0.077778 0.061281 0.077778 0.077778 0.069832 0.050000 0.036011 0.077778 0.090395 0.016575 0.091922 0.022472 0.036011 0.034884 0.027248 0.016349 0.030471 0.052778 0.038781 0.027322 0.013812 0.121813 0.013812 0.118980 0.038781 0.118980 0.055556 0.104816 0.016349 0.013812 0.042135 0.013624 0.019337 0.013624 0.011050 0.024862 0.024931 0.022099 0.024862 0.024931
1.688.11A.X:12075299-12075665 0.336000 0.048458 0.105556 0.038674 0.060942 0.052486 0.050000 0.080332 0.008174 0.044944 0.008174 0.044944 0.032698 0.000000 0.044944 0.048458 0.076712 0.052925 0.078212 0.038781 0.061111 0.024523 0.087671 0.008174 0.047222 0.050000 0.038781 0.061111 0.010899 0.044944 0.008174 0.047091 0.047222 0.052778 0.044321 0.052925 0.036011 0.044321 0.010899 0.047887 0.005450 0.044944 0.027248 0.041551 0.048458 0.073973 0.049861 0.027248 0.051771 0.049046 0.052863 0.048458 0.073973 0.044321 0.051771 0.048458 0.047222 0.033241 0.097222 0.105556 0.089136 0.097222 0.105556 0.097765 0.047222 0.033241 0.097222 0.118644 0.035912 0.119777 0.056180 0.033241 0.061047 0.046322 0.043597 0.063712 0.050000 0.036011 0.054645 0.033149 0.118980 0.033149 0.116147 0.036011 0.116147 0.052778 0.133144 0.043597 0.041436 0.039326 0.040872 0.038674 0.040872 0.038674 0.030387 0.047091 0.049724 0.030387 0.047091
1.688.11A.X:12075671-12076026 0.296000 0.008811 0.078652 0.044944 0.064607 0.044944 0.028090 0.061798 0.042135 0.022472 0.042135 0.022472 0.033708 0.044944 0.000000 0.008811 0.075843 0.042135 0.061798 0.014045 0.025281 0.019663 0.036517 0.042135 0.025281 0.028090 0.014045 0.025281 0.033708 0.039326 0.042135 0.019663 0.025281 0.030899 0.005618 0.033708 0.011236 0.005618 0.033708 0.056338 0.039326 0.022472 0.016854 0.002809 0.008811 0.073034 0.008427 0.016854 0.056180 0.042135 0.004405 0.008811 0.073034 0.005618 0.047753 0.008811 0.025281 0.008427 0.078652 0.078652 0.053371 0.078652 0.078652 0.064607 0.025281 0.008427 0.078652 0.090395 0.044944 0.095506 0.022472 0.008427 0.040698 0.058989 0.044944 0.028090 0.028090 0.011236 0.058989 0.042135 0.093484 0.042135 0.090652 0.011236 0.090652 0.030899 0.104816 0.044944 0.042135 0.025281 0.042135 0.047753 0.042135 0.039326 0.036517 0.025281 0.056180 0.036517 0.025281
1.688.11A.X:12076063-12076289 0.280000 0.000000 0.052863 0.057269 0.079295 0.070485 0.035242 0.061674 0.052863 0.022026 0.048458 0.022026 0.048458 0.048458 0.008811 0.000000 0.088106 0.057269 0.030837 0.004405 0.008811 0.030837 0.017621 0.048458 0.030837 0.030837 0.004405 0.008811 0.044053 0.048458 0.048458 0.026432 0.030837 0.035242 0.008811 0.035242 0.004405 0.008811 0.044053 0.074890 0.048458 0.022026 0.026432 0.004405 0.000000 0.088106 0.017621 0.026432 0.061674 0.066079 0.004405 0.000000 0.088106 0.008811 0.070485 0.000000 0.030837 0.004405 0.052863 0.052863 0.026432 0.052863 0.052863 0.026432 0.030837 0.004405 0.052863 0.026432 0.052863 0.079295 0.026432 0.004405 0.110132 0.066079 0.061674 0.026432 0.030837 0.004405 0.079295 0.052863 0.035242 0.052863 0.030837 0.004405 0.035242 0.035242 0.052863 0.057269 0.048458 0.017621 0.052863 0.052863 0.052863 0.048458 0.030837 0.026432 0.057269 0.030837 0.026432
1.688.11A.X:12076314-12076678 0.328000 0.088106 0.108333 0.052486 0.069252 0.038674 0.097222 0.108033 0.073973 0.070225 0.073973 0.070225 0.043836 0.076712 0.075843 0.088106 0.000000 0.100279 0.108939 0.085873 0.094444 0.054795 0.104110 0.073973 0.094444 0.097222 0.085873 0.094444 0.071233 0.089888 0.073973 0.063712 0.094444 0.102778 0.077562 0.103064 0.083102 0.077562 0.071233 0.092958 0.071233 0.070225 0.052055 0.072022 0.088106 0.002740 0.066482 0.052055 0.063014 0.030137 0.079295 0.088106 0.002740 0.077562 0.052055 0.088106 0.094444 0.080332 0.108333 0.108333 0.108635 0.108333 0.108333 0.117318 0.094444 0.080332 0.108333 0.132768 0.052486 0.122563 0.067416 0.080332 0.154070 0.063014 0.043836 0.074792 0.097222 0.083102 0.060274 0.049724 0.161473 0.049724 0.158640 0.083102 0.158640 0.100000 0.147309 0.046575 0.049724 0.092697 0.043836 0.055249 0.043836 0.046961 0.074586 0.066482 0.063536 0.074586 0.066482
1.688.11A.X:12076679-12077037 0.344000 0.057269 0.094708 0.075209 0.094708 0.083565 0.016713 0.050139 0.050139 0.053371 0.050139 0.053371 0.055710 0.052925 0.042135 0.057269 0.100279 0.000000 0.047486 0.033426 0.055710 0.041783 0.069638 0.050139 0.013928 0.016713 0.033426 0.055710 0.041783 0.061798 0.050139 0.050139 0.013928 0.019499 0.036212 0.022284 0.030641 0.036212 0.041783 0.047887 0.047354 0.053371 0.038997 0.033426 0.057269 0.097493 0.041783 0.038997 0.072423 0.066852 0.061674 0.057269 0.097493 0.036212 0.064067 0.057269 0.013928 0.027855 0.089136 0.094708 0.091922 0.089136 0.094708 0.100559 0.013928 0.027855 0.089136 0.115819 0.069638 0.111421 0.058989 0.027855 0.063953 0.072423 0.066852 0.061281 0.016713 0.030641 0.075209 0.066852 0.087819 0.066852 0.084986 0.030641 0.084986 0.019499 0.076487 0.061281 0.072423 0.050562 0.058496 0.072423 0.058496 0.069638 0.066852 0.050139 0.086351 0.066852 0.050139
1.688.11A.X:12077038-12077395 0.328000 0.030837 0.111732 0.100559 0.117318 0.108939 0.033520 0.064246 0.075419 0.073034 0.078212 0.073034 0.081006 0.078212 0.061798 0.030837 0.108939 0.047486 0.000000 0.044693 0.064246 0.067039 0.120112 0.075419 0.030726 0.027933 0.044693 0.064246 0.067039 0.081461 0.075419 0.067039 0.030726 0.030726 0.053073 0.039106 0.041899 0.053073 0.067039 0.098592 0.072626 0.073034 0.064246 0.050279 0.030837 0.106145 0.058659 0.064246 0.100559 0.092179 0.035242 0.030837 0.106145 0.053073 0.094972 0.030837 0.030726 0.044693 0.106145 0.111732 0.103352 0.106145 0.111732 0.114525 0.030726 0.044693 0.106145 0.084746 0.094972 0.128492 0.078652 0.044693 0.084302 0.097765 0.092179 0.078212 0.033520 0.041899 0.100559 0.092179 0.050992 0.092179 0.048159 0.041899 0.048159 0.036313 0.096317 0.086592 0.097765 0.070225 0.083799 0.094972 0.083799 0.094972 0.092179 0.067039 0.111732 0.092179 0.067039
1.688.11A.X:12077396-12077756 0.280000 0.004405 0.077778 0.060942 0.080332 0.069252 0.022222 0.058172 0.036011 0.025281 0.038781 0.025281 0.041551 0.038781 0.014045 0.004405 0.085873 0.033426 0.044693 0.000000 0.030556 0.027701 0.047091 0.036011 0.019444 0.016667 0.000000 0.030556 0.027701 0.033708 0.036011 0.027701 0.019444 0.019444 0.013850 0.025070 0.002770 0.013850 0.027701 0.050704 0.033241 0.025281 0.024931 0.011080 0.004405 0.083102 0.019391 0.024931 0.060942 0.052632 0.008811 0.004405 0.083102 0.013850 0.055402 0.004405 0.019444 0.005540 0.072222 0.077778 0.064067 0.072222 0.077778 0.072626 0.019444 0.005540 0.072222 0.093220 0.055402 0.091922 0.030899 0.005540 0.034884 0.058172 0.052632 0.038781 0.022222 0.002770 0.060942 0.052632 0.090652 0.052632 0.087819 0.002770 0.087819 0.025000 0.107649 0.047091 0.058172 0.022472 0.044321 0.058172 0.044321 0.055402 0.052632 0.027701 0.072022 0.052632 0.027701
1.688.11A.X:12077757-12078116 0.288000 0.008811 0.077778 0.077778 0.097222 0.077778 0.044444 0.069444 0.058333 0.042135 0.058333 0.042135 0.050000 0.061111 0.025281 0.008811 0.094444 0.055710 0.064246 0.030556 0.000000 0.036111 0.036111 0.058333 0.041667 0.044444 0.030556 0.000000 0.050000 0.058989 0.058333 0.036111 0.041667 0.047222 0.016667 0.047354 0.027778 0.016667 0.050000 0.076056 0.055556 0.042135 0.033333 0.019444 0.008811 0.091667 0.025000 0.033333 0.075000 0.061111 0.004405 0.008811 0.091667 0.016667 0.066667 0.008811 0.041667 0.025000 0.077778 0.077778 0.072423 0.077778 0.077778 0.081006 0.041667 0.025000 0.077778 0.084746 0.077778 0.091922 0.042135 0.025000 0.046512 0.080556 0.063889 0.047222 0.044444 0.027778 0.077778 0.075000 0.087819 0.075000 0.042493 0.027778 0.042493 0.047222 0.056657 0.063889 0.075000 0.044944 0.061111 0.080556 0.061111 0.072222 0.066667 0.041667 0.088889 0.066667 0.041667
1.688.11A.X:12078117-12078483 0.312000 0.030837 0.091667 0.030387 0.047091 0.030387 0.038889 0.074792 0.021798 0.036517 0.021798 0.036517 0.019074 0.024523 0.019663 0.030837 0.054795 0.041783 0.067039 0.027701 0.036111 0.000000 0.060274 0.021798 0.036111 0.038889 0.027701 0.036111 0.013624 0.053371 0.021798 0.033241 0.036111 0.041667 0.019391 0.041783 0.024931 0.019391 0.013624 0.061972 0.019074 0.036517 0.002725 0.016620 0.030837 0.052055 0.022161 0.002725 0.040872 0.027248 0.026432 0.030837 0.052055 0.019391 0.032698 0.030837 0.036111 0.022161 0.091667 0.091667 0.075209 0.091667 0.091667 0.083799 0.036111 0.022161 0.091667 0.104520 0.030387 0.105850 0.036517 0.022161 0.040698 0.046322 0.024523 0.044321 0.038889 0.024931 0.040984 0.027624 0.107649 0.027624 0.104816 0.024931 0.104816 0.041667 0.118980 0.029973 0.027624 0.039326 0.027248 0.033149 0.027248 0.024862 0.022099 0.033241 0.041436 0.022099 0.033241
1.688.11A.X:12078484-12078848 0.304000 0.017621 0.111111 0.093923 0.110803 0.080110 0.058333 0.080332 0.084932 0.056180 0.084932 0.056180 0.073973 0.087671 0.036517 0.017621 0.104110 0.069638 0.120112 0.047091 0.036111 0.060274 0.000000 0.084932 0.055556 0.058333 0.047091 0.036111 0.076712 0.073034 0.084932 0.049861 0.055556 0.061111 0.036011 0.061281 0.044321 0.036011 0.076712 0.090141 0.082192 0.056180 0.057534 0.033241 0.017621 0.101370 0.027701 0.057534 0.098630 0.071233 0.008811 0.017621 0.101370 0.036011 0.087671 0.017621 0.055556 0.041551 0.111111 0.111111 0.069638 0.111111 0.111111 0.078212 0.055556 0.041551 0.111111 0.079096 0.093923 0.125348 0.053371 0.041551 0.058140 0.104110 0.084932 0.060942 0.058333 0.044321 0.101370 0.091160 0.082153 0.091160 0.079320 0.044321 0.079320 0.061111 0.093484 0.087671 0.091160 0.058989 0.084932 0.096685 0.084932 0.088398 0.085635 0.058172 0.104972 0.085635 0.058172
1.688.11A.X:12079210-12079576 0.336000 0.048458 0.102778 0.035912 0.058172 0.049724 0.047222 0.077562 0.005450 0.042135 0.005450 0.042135 0.029973 0.008174 0.042135 0.048458 0.073973 0.050139 0.075419 0.036011 0.058333 0.021798 0.084932 0.000000 0.044444 0.047222 0.036011 0.058333 0.008174 0.036517 0.000000 0.044321 0.044444 0.050000 0.041551 0.050139 0.033241 0.041551 0.008174 0.039437 0.002725 0.042135 0.024523 0.038781 0.048458 0.071233 0.047091 0.024523 0.057221 0.046322 0.052863 0.048458 0.071233 0.041551 0.054496 0.048458 0.044444 0.030471 0.094444 0.102778 0.086351 0.094444 0.102778 0.092179 0.044444 0.030471 0.094444 0.115819 0.033149 0.116992 0.050562 0.030471 0.058140 0.043597 0.040872 0.060942 0.047222 0.033241 0.051913 0.030387 0.116147 0.030387 0.113314 0.033241 0.113314 0.050000 0.130312 0.040872 0.038674 0.036517 0.038147 0.035912 0.038147 0.035912 0.027624 0.044321 0.046961 0.027624 0.044321
1.688.11A.X:12079577-12079936 0.328000 0.030837 0.088889 0.069444 0.088889 0.077778 0.002778 0.036111 0.044444 0.036517 0.044444 0.036517 0.050000 0.047222 0.025281 0.030837 0.094444 0.013928 0.030726 0.019444 0.041667 0.036111 0.055556 0.044444 0.000000 0.002778 0.019444 0.041667 0.036111 0.044944 0.044444 0.036111 0.000000 0.005556 0.022222 0.005571 0.016667 0.022222 0.036111 0.061972 0.041667 0.036517 0.033333 0.019444 0.030837 0.091667 0.027778 0.033333 0.066667 0.061111 0.035242 0.030837 0.091667 0.022222 0.063889 0.030837 0.000000 0.013889 0.083333 0.088889 0.075209 0.083333 0.088889 0.083799 0.000000 0.013889 0.083333 0.104520 0.063889 0.103064 0.042135 0.013889 0.046512 0.066667 0.061111 0.047222 0.002778 0.016667 0.069444 0.061111 0.070822 0.061111 0.067989 0.016667 0.067989 0.005556 0.116147 0.055556 0.066667 0.033708 0.052778 0.066667 0.052778 0.063889 0.061111 0.036111 0.080556 0.061111 0.036111
1.688.11A.X:12079937-12080296 0.328000 0.030837 0.091667 0.072222 0.091667 0.080556 0.005556 0.038889 0.047222 0.039326 0.050000 0.039326 0.052778 0.050000 0.028090 0.030837 0.097222 0.016713 0.027933 0.016667 0.044444 0.038889 0.058333 0.047222 0.002778 0.000000 0.016667 0.044444 0.038889 0.047753 0.047222 0.038889 0.002778 0.002778 0.025000 0.008357 0.013889 0.025000 0.038889 0.064789 0.044444 0.039326 0.036111 0.022222 0.030837 0.094444 0.030556 0.036111 0.072222 0.063889 0.035242 0.030837 0.094444 0.025000 0.066667 0.030837 0.002778 0.016667 0.086111 0.091667 0.077994 0.086111 0.091667 0.086592 0.002778 0.016667 0.086111 0.107345 0.066667 0.105850 0.044944 0.016667 0.049419 0.069444 0.063889 0.050000 0.005556 0.013889 0.072222 0.063889 0.073654 0.063889 0.070822 0.013889 0.070822 0.008333 0.118980 0.058333 0.069444 0.036517 0.055556 0.069444 0.055556 0.066667 0.063889 0.038889 0.083333 0.063889 0.038889
1.688.11A.X:12080297-12080657 0.280000 0.004405 0.077778 0.060942 0.080332 0.069252 0.022222 0.058172 0.036011 0.025281 0.038781 0.025281 0.041551 0.038781 0.014045 0.004405 0.085873 0.033426 0.044693 0.000000 0.030556 0.027701 0.047091 0.036011 0.019444 0.016667 0.000000 0.030556 0.027701 0.033708 0.036011 0.027701 0.019444 0.019444 0.013850 0.025070 0.002770 0.013850 0.027701 0.050704 0.033241 0.025281 0.024931 0.011080 0.004405 0.083102 0.019391 0.024931 0.060942 0.052632 0.008811 0.004405 0.083102 0.013850 0.055402 0.004405 0.019444 0.005540 0.072222 0.077778 0.064067 0.072222 0.077778 0.072626 0.019444 0.005540 0.072222 0.093220 0.055402 0.091922 0.030899 0.005540 0.034884 0.058172 0.052632 0.038781 0.022222 0.002770 0.060942 0.052632 0.090652 0.052632 0.087819 0.002770 0.087819 0.025000 0.107649 0.047091 0.058172 0.022472 0.044321 0.058172 0.044321 0.055402 0.052632 0.027701 0.072022 0.052632 0.027701
1.688.11A.X:12080658-12081017 0.288000 0.008811 0.077778 0.077778 0.097222 0.077778 0.044444 0.069444 0.058333 0.042135 0.058333 0.042135 0.050000 0.061111 0.025281 0.008811 0.094444 0.055710 0.064246 0.030556 0.000000 0.036111 0.036111 0.058333 0.041667 0.044444 0.030556 0.000000 0.050000 0.058989 0.058333 0.036111 0.041667 0.047222 0.016667 0.047354 0.027778 0.016667 0.050000 0.076056 0.055556 0.042135 0.033333 0.019444 0.008811 0.091667 0.025000 0.033333 0.075000 0.061111 0.004405 0.008811 0.091667 0.016667 0.066667 0.008811 0.041667 0.025000 0.077778 0.077778 0.072423 0.077778 0.077778 0.081006 0.041667 0.025000 0.077778 0.084746 0.077778 0.091922 0.042135 0.025000 0.046512 0.080556 0.063889 0.047222 0.044444 0.027778 0.077778 0.075000 0.087819 0.075000 0.042493 0.027778 0.042493 0.047222 0.056657 0.063889 0.075000 0.044944 0.061111 0.080556 0.061111 0.072222 0.066667 0.041667 0.088889 0.066667 0.041667
1.688.11A.X:12081018-12081384 0.336000 0.044053 0.100000 0.038674 0.055402 0.046961 0.038889 0.074792 0.008174 0.044944 0.008174 0.044944 0.032698 0.010899 0.033708 0.044053 0.071233 0.041783 0.067039 0.027701 0.050000 0.013624 0.076712 0.008174 0.036111 0.038889 0.027701 0.050000 0.000000 0.039326 0.008174 0.047091 0.036111 0.041667 0.033241 0.041783 0.024931 0.033241 0.000000 0.047887 0.005450 0.044944 0.016349 0.030471 0.044053 0.068493 0.038781 0.016349 0.049046 0.043597 0.048458 0.044053 0.068493 0.033241 0.046322 0.044053 0.036111 0.022161 0.091667 0.100000 0.083565 0.091667 0.100000 0.092179 0.036111 0.022161 0.091667 0.112994 0.030387 0.114206 0.050562 0.022161 0.055233 0.046322 0.038147 0.058172 0.038889 0.024931 0.049180 0.027624 0.107649 0.027624 0.104816 0.024931 0.104816 0.041667 0.127479 0.038147 0.035912 0.039326 0.035422 0.033149 0.035422 0.033149 0.030387 0.041551 0.049724 0.030387 0.041551
1.688.11A.X:12081390-12081745 0.296000 0.048458 0.081461 0.042135 0.067416 0.056180 0.047753 0.056180 0.042135 0.019663 0.042135 0.019663 0.036517 0.044944 0.039326 0.048458 0.089888 0.061798 0.081461 0.033708 0.058989 0.053371 0.073034 0.036517 0.044944 0.047753 0.033708 0.058989 0.039326 0.000000 0.036517 0.022472 0.044944 0.050562 0.039326 0.053371 0.030899 0.039326 0.039326 0.016901 0.039326 0.019663 0.050562 0.036517 0.048458 0.087079 0.044944 0.050562 0.056180 0.053371 0.052863 0.048458 0.087079 0.039326 0.053371 0.048458 0.044944 0.028090 0.073034 0.081461 0.056180 0.073034 0.081461 0.064607 0.044944 0.028090 0.073034 0.093220 0.039326 0.098315 0.028090 0.028090 0.055233 0.047753 0.053371 0.036517 0.047753 0.030899 0.061798 0.036517 0.113314 0.036517 0.110482 0.030899 0.110482 0.050562 0.107649 0.047753 0.044944 0.039326 0.044944 0.042135 0.044944 0.042135 0.058989 0.028090 0.053371 0.058989 0.028090
1.688.11A.X:12081746-12082112 0.336000 0.048458 0.102778 0.035912 0.058172 0.049724 0.047222 0.077562 0.005450 0.042135 0.005450 0.042135 0.029973 0.008174 0.042135 0.048458 0.073973 0.050139 0.075419 0.036011 0.058333 0.021798 0.084932 0.000000 0.044444 0.047222 0.036011 0.058333 0.008174 0.036517 0.000000 0.044321 0.044444 0.050000 0.041551 0.050139 0.033241 0.041551 0.008174 0.039437 0.002725 0.042135 0.024523 0.038781 0.048458 0.071233 0.047091 0.024523 0.057221 0.046322 0.052863 0.048458 0.071233 0.041551 0.054496 0.048458 0.044444 0.030471 0.094444 0.102778 0.086351 0.094444 0.102778 0.092179 0.044444 0.030471 0.094444 0.115819 0.033149 0.116992 0.050562 0.030471 0.058140 0.043597 0.040872 0.060942 0.047222 0.033241 0.051913 0.030387 0.116147 0.030387 0.113314 0.033241 0.113314 0.050000 0.130312 0.040872 0.038674 0.036517 0.038147 0.035912 0.038147 0.035912 0.027624 0.044321 0.046961 0.027624 0.044321
1.688.11A.X:12082113-12082473 0.280000 0.026432 0.061111 0.038781 0.063712 0.044321 0.038889 0.047091 0.044321 0.002809 0.044321 0.002809 0.013850 0.047091 0.019663 0.026432 0.063712 0.050139 0.067039 0.027701 0.036111 0.033241 0.049861 0.044321 0.036111 0.038889 0.027701 0.036111 0.047091 0.022472 0.044321 0.000000 0.036111 0.041667 0.019391 0.041783 0.024931 0.019391 0.047091 0.033803 0.041551 0.002809 0.030471 0.016620 0.026432 0.060942 0.022161 0.030471 0.044321 0.027701 0.022026 0.026432 0.060942 0.019391 0.036011 0.026432 0.036111 0.022161 0.061111 0.061111 0.047354 0.061111 0.061111 0.055866 0.036111 0.022161 0.061111 0.076271 0.044321 0.075209 0.008427 0.022161 0.020349 0.041551 0.030471 0.016620 0.038889 0.024931 0.044321 0.041551 0.107649 0.041551 0.104816 0.024931 0.104816 0.041667 0.090652 0.030471 0.041551 0.028090 0.027701 0.047091 0.027701 0.038781 0.052632 0.011080 0.049861 0.052632 0.011080
1.688.11A.X:12082474-12082833 0.328000 0.030837 0.088889 0.069444 0.088889 0.077778 0.002778 0.036111 0.044444 0.036517 0.044444 0.036517 0.050000 0.047222 0.025281 0.030837 0.094444 0.013928 0.030726 0.019444 0.041667 0.036111 0.055556 0.044444 0.000000 0.002778 0.019444 0.041667 0.036111 0.044944 0.044444 0.036111 0.000000 0.005556 0.022222 0.005571 0.016667 0.022222 0.036111 0.061972 0.041667 0.036517 0.033333 0.019444 0.030837 0.091667 0.027778 0.033333 0.066667 0.061111 0.035242 0.030837 0.091667 0.022222 0.063889 0.030837 0.000000 0.013889 0.083333 0.088889 0.075209 0.083333 0.088889 0.083799 0.000000 0.013889 0.083333 0.104520 0.063889 0.103064 0.042135 0.013889 0.046512 0.066667 0.061111 0.047222 0.002778 0.016667 0.069444 0.061111 0.070822 0.061111 0.067989 0.016667 0.067989 0.005556 0.116147 0.055556 0.066667 0.033708 0.052778 0.066667 0.052778 0.063889 0.061111 0.036111 0.080556 0.061111 0.036111
1.688.11A.X:12082834-12083193 0.328000 0.035242 0.097222 0.077778 0.097222 0.086111 0.008333 0.041667 0.050000 0.042135 0.052778 0.042135 0.055556 0.052778 0.030899 0.035242 0.102778 0.019499 0.030726 0.019444 0.047222 0.041667 0.061111 0.050000 0.005556 0.002778 0.019444 0.047222 0.041667 0.050562 0.050000 0.041667 0.005556 0.000000 0.027778 0.005571 0.016667 0.027778 0.041667 0.067606 0.047222 0.042135 0.038889 0.025000 0.035242 0.100000 0.033333 0.038889 0.077778 0.069444 0.039648 0.035242 0.100000 0.027778 0.072222 0.035242 0.005556 0.019444 0.091667 0.097222 0.080780 0.091667 0.097222 0.089385 0.005556 0.019444 0.091667 0.062147 0.072222 0.111421 0.047753 0.019444 0.052326 0.075000 0.069444 0.052778 0.008333 0.016667 0.077778 0.069444 0.076487 0.069444 0.073654 0.016667 0.073654 0.011111 0.121813 0.063889 0.075000 0.039326 0.061111 0.075000 0.061111 0.072222 0.066667 0.041667 0.088889 0.066667 0.041667
1.688.11A.X:12083194-12083554 0.288000 0.008811 0.077778 0.060942 0.080332 0.060942 0.025000 0.060942 0.041551 0.022472 0.041551 0.022472 0.033241 0.044321 0.005618 0.008811 0.077562 0.036212 0.053073 0.013850 0.016667 0.019391 0.036011 0.041551 0.022222 0.025000 0.013850 0.016667 0.033241 0.039326 0.041551 0.019391 0.022222 0.027778 0.000000 0.027855 0.011080 0.000000 0.033241 0.056338 0.038781 0.022472 0.016620 0.002770 0.008811 0.074792 0.008310 0.016620 0.058172 0.044321 0.004405 0.008811 0.074792 0.000000 0.049861 0.008811 0.022222 0.008310 0.077778 0.077778 0.061281 0.077778 0.077778 0.069832 0.022222 0.008310 0.077778 0.090395 0.060942 0.091922 0.022472 0.008310 0.026163 0.063712 0.047091 0.030471 0.025000 0.011080 0.060942 0.058172 0.093484 0.058172 0.090652 0.011080 0.090652 0.027778 0.104816 0.047091 0.058172 0.025281 0.044321 0.063712 0.044321 0.055402 0.049861 0.024931 0.072022 0.049861 0.024931
1.688.11A.X:12083555-12083913 0.328000 0.035242 0.097493 0.077994 0.097493 0.086351 0.008357 0.041783 0.050139 0.044944 0.050139 0.044944 0.055710 0.052925 0.033708 0.035242 0.103064 0.022284 0.039106 0.025070 0.047354 0.041783 0.061281 0.050139 0.005571 0.008357 0.025070 0.047354 0.041783 0.053371 0.050139 0.041783 0.005571 0.005571 0.027855 0.000000 0.022284 0.027855 0.041783 0.070423 0.047354 0.044944 0.038997 0.025070 0.035242 0.100279 0.033426 0.038997 0.075209 0.069638 0.039648 0.035242 0.100279 0.027855 0.072423 0.035242 0.005571 0.019499 0.091922 0.097493 0.083565 0.091922 0.097493 0.083799 0.005571 0.019499 0.091922 0.112994 0.072423 0.114206 0.050562 0.019499 0.055233 0.075209 0.069638 0.052925 0.008357 0.022284 0.077994 0.069638 0.079320 0.069638 0.076487 0.022284 0.076487 0.011142 0.124646 0.064067 0.075209 0.042135 0.061281 0.075209 0.061281 0.072423 0.066852 0.041783 0.089136 0.066852 0.041783
1.688.11A.X:12083914-12084274 0.288000 0.004405 0.075000 0.058172 0.077562 0.066482 0.019444 0.055402 0.033241 0.022472 0.036011 0.022472 0.038781 0.036011 0.011236 0.004405 0.083102 0.030641 0.041899 0.002770 0.027778 0.024931 0.044321 0.033241 0.016667 0.013889 0.002770 0.027778 0.024931 0.030899 0.033241 0.024931 0.016667 0.016667 0.011080 0.022284 0.000000 0.011080 0.024931 0.047887 0.030471 0.022472 0.022161 0.008310 0.004405 0.080332 0.016620 0.022161 0.058172 0.049861 0.008811 0.004405 0.080332 0.011080 0.052632 0.004405 0.016667 0.002770 0.069444 0.075000 0.061281 0.069444 0.075000 0.069832 0.016667 0.002770 0.069444 0.090395 0.052632 0.089136 0.028090 0.002770 0.031977 0.055402 0.049861 0.036011 0.019444 0.000000 0.058172 0.049861 0.087819 0.049861 0.084986 0.000000 0.084986 0.022222 0.104816 0.044321 0.055402 0.019663 0.041551 0.055402 0.041551 0.052632 0.049861 0.024931 0.069252 0.049861 0.024931
1.688.11A.X:12084275-12084635 0.288000 0.008811 0.077778 0.060942 0.080332 0.060942 0.025000 0.060942 0.041551 0.022472 0.041551 0.022472 0.033241 0.044321 0.005618 0.008811 0.077562 0.036212 0.053073 0.013850 0.016667 0.019391 0.036011 0.041551 0.022222 0.025000 0.013850 0.016667 0.033241 0.039326 0.041551 0.019391 0.022222 0.027778 0.000000 0.027855 0.011080 0.000000 0.033241 0.056338 0.038781 0.022472 0.016620 0.002770 0.008811 0.074792 0.008310 0.016620 0.058172 0.044321 0.004405 0.008811 0.074792 0.000000 0.049861 0.008811 0.022222 0.008310 0.077778 0.077778 0.061281 0.077778 0.077778 0.069832 0.022222 0.008310 0.077778 0.090395 0.060942 0.091922 0.022472 0.008310 0.026163 0.063712 0.047091 0.030471 0.025000 0.011080 0.060942 0.058172 0.093484 0.058172 0.090652 0.011080 0.090652 0.027778 0.104816 0.047091 0.058172 0.025281 0.044321 0.063712 0.044321 0.055402 0.049861 0.024931 0.072022 0.049861 0.024931
1.688.11A.X:12084636-12085002 0.336000 0.044053 0.100000 0.038674 0.055402 0.046961 0.038889 0.074792 0.008174 0.044944 0.008174 0.044944 0.032698 0.010899 0.033708 0.044053 0.071233 0.041783 0.067039 0.027701 0.050000 0.013624 0.076712 0.008174 0.036111 0.038889 0.027701 0.050000 0.000000 0.039326 0.008174 0.047091 0.036111 0.041667 0.033241 0.041783 0.024931 0.033241 0.000000 0.047887 0.005450 0.044944 0.016349 0.030471 0.044053 0.068493 0.038781 0.016349 0.049046 0.043597 0.048458 0.044053 0.068493 0.033241 0.046322 0.044053 0.036111 0.022161 0.091667 0.100000 0.083565 0.091667 0.100000 0.092179 0.036111 0.022161 0.091667 0.112994 0.030387 0.114206 0.050562 0.022161 0.055233 0.046322 0.038147 0.058172 0.038889 0.024931 0.049180 0.027624 0.107649 0.027624 0.104816 0.024931 0.104816 0.041667 0.127479 0.038147 0.035912 0.039326 0.035422 0.033149 0.035422 0.033149 0.030387 0.041551 0.049724 0.030387 0.041551
1.688.11A.X:12085008-12085362 0.320000 0.074890 0.084507 0.045070 0.070423 0.059155 0.064789 0.067606 0.045070 0.030986 0.045070 0.030986 0.039437 0.047887 0.056338 0.074890 0.092958 0.047887 0.098592 0.050704 0.076056 0.061972 0.090141 0.039437 0.061972 0.064789 0.050704 0.076056 0.047887 0.016901 0.039437 0.033803 0.061972 0.067606 0.056338 0.070423 0.047887 0.056338 0.047887 0.000000 0.042254 0.030986 0.059155 0.053521 0.074890 0.090141 0.061972 0.059155 0.064789 0.056338 0.079295 0.074890 0.090141 0.056338 0.056338 0.074890 0.061972 0.045070 0.076056 0.084507 0.067606 0.076056 0.084507 0.076056 0.061972 0.045070 0.076056 0.107345 0.042254 0.101408 0.039437 0.045070 0.069767 0.050704 0.056338 0.047887 0.064789 0.047887 0.064789 0.039437 0.133144 0.039437 0.130312 0.047887 0.130312 0.067606 0.110482 0.050704 0.047887 0.050704 0.047887 0.045070 0.047887 0.045070 0.061972 0.039437 0.056338 0.061972 0.039437
1.688.11A.X:12085363-12085729 0.336000 0.048458 0.100000 0.033149 0.055402 0.046961 0.044444 0.074792 0.002725 0.039326 0.002725 0.039326 0.027248 0.005450 0.039326 0.048458 0.071233 0.047354 0.072626 0.033241 0.055556 0.019074 0.082192 0.002725 0.041667 0.044444 0.033241 0.055556 0.005450 0.039326 0.002725 0.041551 0.041667 0.047222 0.038781 0.047354 0.030471 0.038781 0.005450 0.042254 0.000000 0.039326 0.021798 0.036011 0.048458 0.068493 0.044321 0.021798 0.054496 0.043597 0.052863 0.048458 0.068493 0.038781 0.051771 0.048458 0.041667 0.027701 0.091667 0.100000 0.083565 0.091667 0.100000 0.092179 0.041667 0.027701 0.091667 0.112994 0.030387 0.114206 0.050562 0.027701 0.055233 0.040872 0.038147 0.058172 0.044444 0.030471 0.049180 0.027624 0.113314 0.027624 0.110482 0.030471 0.110482 0.047222 0.127479 0.038147 0.035912 0.033708 0.035422 0.033149 0.035422 0.033149 0.024862 0.041551 0.044199 0.024862 0.041551
1.688.11A.X:12085735-12086090 0.280000 0.022026 0.061798 0.022472 0.047753 0.036517 0.039326 0.044944 0.042135 0.000000 0.042135 0.000000 0.016854 0.044944 0.022472 0.022026 0.070225 0.053371 0.073034 0.025281 0.042135 0.036517 0.056180 0.042135 0.036517 0.039326 0.025281 0.042135 0.044944 0.019663 0.042135 0.002809 0.036517 0.042135 0.022472 0.044944 0.022472 0.022472 0.044944 0.030986 0.039326 0.000000 0.033708 0.019663 0.022026 0.067416 0.028090 0.033708 0.042135 0.033708 0.026432 0.022026 0.067416 0.022472 0.039326 0.022026 0.036517 0.019663 0.061798 0.061798 0.036517 0.061798 0.061798 0.047753 0.036517 0.019663 0.061798 0.073446 0.028090 0.078652 0.011236 0.019663 0.037791 0.036517 0.033708 0.016854 0.039326 0.022472 0.042135 0.025281 0.104816 0.025281 0.101983 0.022472 0.101983 0.042135 0.087819 0.028090 0.025281 0.025281 0.025281 0.030899 0.025281 0.022472 0.036517 0.008427 0.033708 0.036517 0.008427
1.688.11A.X:12086091-12086457 0.312000 0.026432 0.088889 0.027624 0.044321 0.027624 0.036111 0.072022 0.024523 0.033708 0.024523 0.033708 0.016349 0.027248 0.016854 0.026432 0.052055 0.038997 0.064246 0.024931 0.033333 0.002725 0.057534 0.024523 0.033333 0.036111 0.024931 0.033333 0.016349 0.050562 0.024523 0.030471 0.033333 0.038889 0.016620 0.038997 0.022161 0.016620 0.016349 0.059155 0.021798 0.033708 0.000000 0.013850 0.026432 0.049315 0.019391 0.000000 0.038147 0.024523 0.022026 0.026432 0.049315 0.016620 0.029973 0.026432 0.033333 0.019391 0.088889 0.088889 0.072423 0.088889 0.088889 0.081006 0.033333 0.019391 0.088889 0.101695 0.027624 0.103064 0.033708 0.019391 0.037791 0.043597 0.027248 0.041551 0.036111 0.022161 0.038251 0.024862 0.104816 0.024862 0.101983 0.022161 0.101983 0.038889 0.116147 0.027248 0.024862 0.036517 0.024523 0.030387 0.024523 0.022099 0.019337 0.036011 0.038674 0.019337 0.036011
