17
1.688.3E.X:3635568-3635775 0.000000 0.110577 0.197115 0.134615 0.134615 0.115385 0.144231 0.134615 0.139423 0.139423 0.125000 0.134615 0.653846 0.139423 0.120192 0.144231 0.168269
1.688.3E.X:3635778-3636133 0.110577 0.000000 0.075843 0.042135 0.082353 0.030899 0.051095 0.085294 0.036496 0.036517 0.087079 0.048387 0.118321 0.051613 0.036496 0.039326 0.117978
1.688.3E.X:3636136-3636491 0.197115 0.075843 0.000000 0.064607 0.132353 0.061798 0.083942 0.135294 0.091241 0.078652 0.123596 0.077419 0.103053 0.080645 0.072993 0.081461 0.160112
1.688.3E.X:3636494-3636849 0.134615 0.042135 0.064607 0.000000 0.091176 0.022472 0.025547 0.094118 0.040146 0.036517 0.084270 0.009677 0.122137 0.012903 0.014599 0.039326 0.117978
1.688.3E.X:3636852-3637191 0.134615 0.082353 0.132353 0.091176 0.000000 0.079412 0.043796 0.002941 0.036496 0.085294 0.088235 0.038710 0.244275 0.041935 0.032847 0.088235 0.088235
1.688.3E.X:3637194-3637549 0.115385 0.030899 0.061798 0.022472 0.079412 0.000000 0.029197 0.082353 0.043796 0.036517 0.078652 0.019355 0.099237 0.022581 0.010949 0.039326 0.117978
1.688.3E.X:3637818-3638091 0.144231 0.051095 0.083942 0.025547 0.043796 0.029197 0.000000 0.043796 0.047445 0.043796 0.029197 0.036496 0.408397 0.040146 0.018248 0.047445 0.054745
1.688.3E.X:3638094-3638433 0.134615 0.085294 0.135294 0.094118 0.002941 0.082353 0.043796 0.000000 0.036496 0.088235 0.091176 0.041935 0.248092 0.045161 0.032847 0.091176 0.091176
1.688.3E.X:3638702-3638975 0.139423 0.036496 0.091241 0.040146 0.036496 0.043796 0.047445 0.036496 0.000000 0.025547 0.043796 0.051095 0.431298 0.054745 0.032847 0.029197 0.036496
1.688.3E.X:3638978-3639333 0.139423 0.036517 0.078652 0.036517 0.085294 0.036517 0.043796 0.088235 0.025547 0.000000 0.087079 0.048387 0.125954 0.051613 0.032847 0.002809 0.098315
1.688.3E.X:3639341-3639702 0.125000 0.087079 0.123596 0.084270 0.088235 0.078652 0.029197 0.091176 0.043796 0.087079 0.000000 0.029032 0.179389 0.032258 0.018248 0.089888 0.066667
1.688.3E.X:3639935-3640244 0.134615 0.048387 0.077419 0.009677 0.038710 0.019355 0.036496 0.041935 0.051095 0.048387 0.029032 0.000000 0.290076 0.003226 0.025547 0.051613 0.058065
1.688.3E.X:3640249-3640510 0.653846 0.118321 0.103053 0.122137 0.244275 0.099237 0.408397 0.248092 0.431298 0.125954 0.179389 0.290076 0.000000 0.290076 0.404580 0.125954 0.232824
1.688.3E.X:3640660-3640969 0.139423 0.051613 0.080645 0.012903 0.041935 0.022581 0.040146 0.045161 0.054745 0.051613 0.032258 0.003226 0.290076 0.000000 0.029197 0.054839 0.061290
1.688.3E.X:3641238-3641511 0.120192 0.036496 0.072993 0.014599 0.032847 0.010949 0.018248 0.032847 0.032847 0.032847 0.018248 0.025547 0.404580 0.029197 0.000000 0.036496 0.043796
1.688.3E.X:3641514-3641869 0.144231 0.039326 0.081461 0.039326 0.088235 0.039326 0.047445 0.091176 0.029197 0.002809 0.089888 0.051613 0.125954 0.054839 0.036496 0.000000 0.101124
1.688.3E.X:3641877-3642236 0.168269 0.117978 0.160112 0.117978 0.088235 0.117978 0.054745 0.091176 0.036496 0.098315 0.066667 0.058065 0.232824 0.061290 0.043796 0.101124 0.000000
