117
1.688.13B.X:15294969-15295329 0.000000 0.027701 0.091168 0.038889 0.027701 0.024931 0.036011 0.066667 0.085227 0.019391 0.030471 0.016620 0.024931 0.033241 0.049861 0.085227 0.047091 0.030986 0.045070 0.036011 0.108883 0.052925 0.058496 0.086835 0.059490 0.090141 0.064067 0.047091 0.074074 0.095506 0.096317 0.100840 0.144068 0.092697 0.058659 0.121127 0.061453 0.180516 0.141643 0.114613 0.121469 0.152738 0.127119 0.141643 0.221264 0.287749 0.088319 0.121127 0.158192 0.120344 0.127479 0.120344 0.150568 0.102857 0.098315 0.184659 0.171429 0.176136 0.270115 0.098315 0.112676 0.118310 0.138810 0.120448 0.288184 0.153179 0.162319 0.220588 0.238806 0.131805 0.112994 0.088643 0.257062 0.111732 0.094444 0.060942 0.030556 0.077994 0.038889 0.047354 0.019391 0.041783 0.047354 0.033333 0.132768 0.047354 0.047354 0.019391 0.033333 0.033333 0.019391 0.019391 0.019391 0.019391 0.019391 0.019391 0.019391 0.044568 0.019391 0.033333 0.050139 0.033333 0.033333 0.049861 0.033333 0.039326 0.019391 0.055556 0.039326 0.055866 0.100840 0.044444 0.108635 0.050562 0.080332 0.061111 0.110714
1.688.13B.X:15295330-15295690 0.027701 0.000000 0.096866 0.041667 0.036011 0.027701 0.038781 0.066667 0.085227 0.019391 0.036011 0.016620 0.027701 0.036011 0.049861 0.085227 0.047091 0.036620 0.045070 0.030471 0.108883 0.055710 0.064067 0.092437 0.059490 0.095775 0.066852 0.049861 0.074074 0.098315 0.101983 0.106443 0.146893 0.092697 0.061453 0.126761 0.061453 0.180516 0.141643 0.120344 0.129944 0.161383 0.127119 0.147309 0.227011 0.287749 0.094017 0.126761 0.166667 0.126074 0.133144 0.126074 0.159091 0.108571 0.103933 0.267045 0.171429 0.181818 0.272989 0.106742 0.121127 0.121127 0.147309 0.126050 0.293948 0.161850 0.165217 0.223529 0.247761 0.140401 0.118644 0.091413 0.257062 0.111732 0.094444 0.066482 0.030556 0.080780 0.041667 0.047354 0.019391 0.044568 0.047354 0.033333 0.132768 0.047354 0.047354 0.019391 0.033333 0.033333 0.019391 0.019391 0.019391 0.019391 0.019391 0.019391 0.019391 0.044568 0.019391 0.033333 0.052925 0.033333 0.033333 0.049861 0.033333 0.039326 0.019391 0.055556 0.039326 0.055866 0.095238 0.044444 0.108635 0.050562 0.080332 0.061111 0.107143
1.688.13B.X:15295691-15296041 0.091168 0.096866 0.000000 0.091168 0.085470 0.074074 0.085470 0.085470 0.028490 0.082621 0.088319 0.079772 0.074074 0.082621 0.113960 0.028490 0.065527 0.088319 0.094017 0.094017 0.060172 0.122507 0.119658 0.162393 0.122507 0.102564 0.133903 0.056980 0.108262 0.170940 0.162393 0.170940 0.207977 0.170940 0.131054 0.079772 0.128205 0.200573 0.213675 0.171920 0.193732 0.204611 0.145299 0.162393 0.178161 0.168091 0.159544 0.185185 0.227920 0.177650 0.165242 0.191977 0.176638 0.160000 0.162393 0.256410 0.191429 0.262108 0.235632 0.165242 0.182336 0.188034 0.213675 0.182336 0.357349 0.184971 0.202899 0.247059 0.223881 0.169054 0.131054 0.145299 0.139601 0.148148 0.145299 0.122507 0.079772 0.145299 0.105413 0.116809 0.082621 0.094017 0.102564 0.051282 0.074074 0.102564 0.116809 0.082621 0.082621 0.051282 0.082621 0.082621 0.082621 0.082621 0.082621 0.082621 0.082621 0.096866 0.082621 0.051282 0.108262 0.051282 0.051282 0.065527 0.051282 0.039886 0.082621 0.076923 0.039886 0.108262 0.153846 0.062678 0.148148 0.108262 0.128205 0.111111 0.103571
1.688.13B.X:15296042-15296401 0.038889 0.041667 0.091168 0.000000 0.022222 0.033333 0.044444 0.075000 0.076705 0.025000 0.041667 0.022222 0.033333 0.041667 0.055556 0.076705 0.055556 0.045070 0.053521 0.036111 0.103152 0.050139 0.072423 0.100840 0.056657 0.067606 0.061281 0.041667 0.051282 0.089888 0.104816 0.112045 0.141243 0.092697 0.069832 0.073239 0.069832 0.169054 0.124646 0.106017 0.115819 0.149856 0.118644 0.133144 0.186782 0.133903 0.102564 0.129577 0.149718 0.111748 0.141643 0.134670 0.144886 0.094286 0.089888 0.176136 0.165714 0.264205 0.215517 0.092697 0.107042 0.112676 0.133144 0.112045 0.268012 0.150289 0.162319 0.379412 0.226866 0.126074 0.104520 0.097222 0.265537 0.089385 0.100000 0.072222 0.033333 0.075209 0.036111 0.052925 0.025000 0.047354 0.047354 0.041667 0.067797 0.047354 0.052925 0.025000 0.041667 0.041667 0.025000 0.025000 0.025000 0.025000 0.025000 0.025000 0.025000 0.044568 0.025000 0.041667 0.041783 0.041667 0.041667 0.052778 0.038889 0.042135 0.025000 0.063889 0.042135 0.047486 0.086835 0.052778 0.105850 0.058989 0.083333 0.063889 0.100000
1.688.13B.X:15296402-15296762 0.027701 0.036011 0.085470 0.022222 0.000000 0.016620 0.027701 0.061111 0.079545 0.019391 0.030471 0.016620 0.016620 0.024931 0.044321 0.079545 0.049861 0.030986 0.045070 0.030471 0.103152 0.041783 0.058496 0.086835 0.048159 0.084507 0.052925 0.036011 0.074074 0.081461 0.090652 0.100840 0.132768 0.084270 0.058659 0.121127 0.061453 0.180516 0.138810 0.114613 0.124294 0.155620 0.127119 0.141643 0.218391 0.287749 0.088319 0.121127 0.161017 0.120344 0.127479 0.120344 0.153409 0.102857 0.098315 0.181818 0.171429 0.173295 0.272989 0.101124 0.115493 0.121127 0.141643 0.120448 0.282421 0.158960 0.162319 0.223529 0.241791 0.134670 0.112994 0.088643 0.251412 0.111732 0.091667 0.058172 0.030556 0.066852 0.027778 0.044568 0.019391 0.041783 0.047354 0.033333 0.129944 0.047354 0.044568 0.019391 0.033333 0.033333 0.019391 0.019391 0.019391 0.019391 0.019391 0.019391 0.019391 0.041783 0.019391 0.033333 0.041783 0.033333 0.033333 0.047091 0.030556 0.039326 0.019391 0.055556 0.039326 0.058659 0.100840 0.044444 0.105850 0.050562 0.077562 0.061111 0.110714
1.688.13B.X:15296763-15297123 0.024931 0.027701 0.074074 0.033333 0.016620 0.000000 0.011080 0.061111 0.073864 0.013850 0.019391 0.011080 0.000000 0.008310 0.044321 0.073864 0.044321 0.019718 0.039437 0.024931 0.097421 0.047354 0.047354 0.081232 0.048159 0.084507 0.058496 0.036011 0.068376 0.089888 0.090652 0.092437 0.135593 0.087079 0.053073 0.115493 0.053073 0.174785 0.135977 0.108883 0.118644 0.149856 0.121469 0.135977 0.212644 0.282051 0.082621 0.115493 0.155367 0.114613 0.121813 0.114613 0.147727 0.097143 0.092697 0.252841 0.165714 0.167614 0.267241 0.095506 0.109859 0.115493 0.135977 0.114846 0.276657 0.153179 0.156522 0.217647 0.232836 0.128940 0.107345 0.083102 0.251412 0.103352 0.086111 0.055402 0.025000 0.069638 0.033333 0.041783 0.013850 0.036212 0.038997 0.027778 0.127119 0.041783 0.041783 0.013850 0.027778 0.027778 0.013850 0.013850 0.013850 0.013850 0.013850 0.013850 0.013850 0.038997 0.013850 0.027778 0.044568 0.027778 0.027778 0.044321 0.027778 0.033708 0.013850 0.050000 0.033708 0.053073 0.095238 0.038889 0.097493 0.042135 0.074792 0.055556 0.103571
1.688.13B.X:15297124-15297484 0.036011 0.038781 0.085470 0.044444 0.027701 0.011080 0.000000 0.066667 0.076705 0.019391 0.024931 0.022161 0.011080 0.002770 0.049861 0.076705 0.049861 0.025352 0.050704 0.030471 0.108883 0.052925 0.052925 0.092437 0.053824 0.095775 0.069638 0.041551 0.074074 0.095506 0.096317 0.106443 0.141243 0.092697 0.058659 0.123944 0.058659 0.180516 0.147309 0.120344 0.129944 0.161383 0.132768 0.147309 0.224138 0.293447 0.094017 0.123944 0.166667 0.126074 0.130312 0.126074 0.159091 0.108571 0.103933 0.187500 0.177143 0.178977 0.275862 0.106742 0.121127 0.126761 0.147309 0.126050 0.288184 0.164740 0.162319 0.229412 0.241791 0.140401 0.118644 0.091413 0.257062 0.114525 0.091667 0.060942 0.033333 0.075209 0.038889 0.047354 0.019391 0.044568 0.044568 0.033333 0.135593 0.047354 0.047354 0.019391 0.033333 0.033333 0.019391 0.019391 0.019391 0.019391 0.019391 0.019391 0.019391 0.047354 0.019391 0.033333 0.050139 0.033333 0.033333 0.049861 0.033333 0.039326 0.019391 0.055556 0.039326 0.058659 0.100840 0.044444 0.103064 0.047753 0.080332 0.063889 0.114286
1.688.13B.X:15297485-15297844 0.066667 0.066667 0.085470 0.075000 0.061111 0.061111 0.066667 0.000000 0.076705 0.052778 0.041667 0.055556 0.061111 0.063889 0.016667 0.076705 0.083333 0.045070 0.087324 0.041667 0.151862 0.089136 0.072423 0.067227 0.096317 0.126761 0.103064 0.080556 0.079772 0.109551 0.113314 0.140056 0.175141 0.087079 0.092179 0.160563 0.097765 0.180516 0.144476 0.108883 0.149718 0.144092 0.115819 0.135977 0.206897 0.273504 0.085470 0.107042 0.152542 0.114613 0.152975 0.117479 0.136364 0.125714 0.087079 0.218750 0.151429 0.150568 0.192529 0.123596 0.109859 0.140845 0.161473 0.114846 0.296830 0.158960 0.150725 0.305882 0.253731 0.160458 0.135593 0.122222 0.172316 0.150838 0.127778 0.094444 0.069444 0.111421 0.075000 0.083565 0.052778 0.080780 0.083565 0.069444 0.104520 0.083565 0.083565 0.052778 0.069444 0.069444 0.052778 0.052778 0.052778 0.052778 0.052778 0.052778 0.052778 0.083565 0.052778 0.066667 0.086351 0.069444 0.066667 0.083333 0.069444 0.075843 0.052778 0.091667 0.075843 0.094972 0.134454 0.080556 0.142061 0.087079 0.113889 0.069444 0.100000
1.688.13B.X:15297845-15298196 0.085227 0.085227 0.028490 0.076705 0.079545 0.073864 0.076705 0.076705 0.000000 0.062500 0.079545 0.068182 0.073864 0.073864 0.099432 0.000000 0.093750 0.079545 0.076705 0.079545 0.042980 0.102273 0.113636 0.156250 0.107955 0.096591 0.122159 0.090909 0.105413 0.110795 0.150568 0.170455 0.190341 0.150568 0.113636 0.071023 0.113636 0.186246 0.198864 0.128940 0.184659 0.167147 0.136364 0.153409 0.135057 0.156695 0.150997 0.150568 0.218750 0.134670 0.156250 0.151862 0.167614 0.148571 0.153409 0.247159 0.182857 0.255682 0.227011 0.156250 0.173295 0.178977 0.153409 0.173295 0.345821 0.173410 0.191304 0.235294 0.217910 0.163324 0.122159 0.125000 0.127841 0.144886 0.127841 0.110795 0.059659 0.130682 0.085227 0.096591 0.062500 0.076705 0.096591 0.079545 0.062500 0.096591 0.096591 0.062500 0.059659 0.079545 0.062500 0.062500 0.062500 0.062500 0.062500 0.062500 0.062500 0.076705 0.062500 0.079545 0.099432 0.079545 0.079545 0.093750 0.079545 0.028409 0.062500 0.102273 0.028409 0.102273 0.096591 0.090909 0.133523 0.090909 0.107955 0.090909 0.092857
1.688.13B.X:15298197-15298557 0.019391 0.019391 0.082621 0.025000 0.019391 0.013850 0.019391 0.052778 0.062500 0.000000 0.016620 0.002770 0.013850 0.016620 0.036011 0.062500 0.030471 0.016901 0.030986 0.016620 0.094556 0.033426 0.044568 0.078431 0.039660 0.081690 0.050139 0.027701 0.054131 0.075843 0.082153 0.092437 0.124294 0.073034 0.041899 0.109859 0.041899 0.160458 0.127479 0.106017 0.115819 0.146974 0.118644 0.133144 0.212644 0.279202 0.079772 0.109859 0.152542 0.111748 0.118980 0.111748 0.144886 0.094286 0.089888 0.176136 0.162857 0.167614 0.261494 0.092697 0.107042 0.112676 0.133144 0.112045 0.279539 0.150289 0.147826 0.214706 0.229851 0.126074 0.104520 0.074792 0.242938 0.097765 0.075000 0.047091 0.013889 0.061281 0.019444 0.027855 0.000000 0.027855 0.027855 0.013889 0.115819 0.027855 0.027855 0.000000 0.013889 0.013889 0.000000 0.000000 0.000000 0.000000 0.000000 0.000000 0.000000 0.027855 0.000000 0.013889 0.030641 0.013889 0.013889 0.030471 0.013889 0.019663 0.000000 0.036111 0.019663 0.039106 0.081232 0.025000 0.089136 0.030899 0.060942 0.044444 0.089286
1.688.13B.X:15298558-15298918 0.030471 0.036011 0.088319 0.041667 0.030471 0.019391 0.024931 0.041667 0.079545 0.016620 0.000000 0.019391 0.019391 0.022161 0.030471 0.079545 0.047091 0.000000 0.047887 0.027701 0.111748 0.050139 0.027855 0.067227 0.050992 0.092958 0.066852 0.038781 0.071225 0.092697 0.090652 0.098039 0.132768 0.084270 0.055866 0.121127 0.055866 0.177650 0.138810 0.103152 0.112994 0.138329 0.115819 0.130312 0.206897 0.133903 0.079772 0.107042 0.146893 0.108883 0.116147 0.108883 0.139205 0.088571 0.081461 0.181818 0.160000 0.170455 0.252874 0.087079 0.101408 0.109859 0.124646 0.109244 0.276657 0.150289 0.144928 0.211765 0.217910 0.123209 0.098870 0.085873 0.245763 0.111732 0.088889 0.058172 0.030556 0.069638 0.036111 0.044568 0.016620 0.041783 0.041783 0.030556 0.132768 0.044568 0.044568 0.016620 0.030556 0.030556 0.016620 0.016620 0.016620 0.016620 0.016620 0.016620 0.016620 0.044568 0.016620 0.030556 0.047354 0.030556 0.030556 0.047091 0.030556 0.036517 0.016620 0.052778 0.036517 0.055866 0.098039 0.041667 0.103064 0.044944 0.077562 0.061111 0.089286
1.688.13B.X:15298919-15299279 0.016620 0.016620 0.079772 0.022222 0.016620 0.011080 0.022161 0.055556 0.068182 0.002770 0.019391 0.000000 0.011080 0.019391 0.038781 0.068182 0.033241 0.019718 0.028169 0.019391 0.091691 0.036212 0.047354 0.075630 0.042493 0.078873 0.047354 0.030471 0.056980 0.078652 0.084986 0.089636 0.127119 0.075843 0.044693 0.109859 0.044693 0.163324 0.124646 0.103152 0.112994 0.144092 0.115819 0.130312 0.209770 0.276353 0.076923 0.109859 0.149718 0.108883 0.116147 0.108883 0.142045 0.091429 0.087079 0.173295 0.160000 0.164773 0.261494 0.089888 0.104225 0.109859 0.130312 0.109244 0.276657 0.147399 0.150725 0.211765 0.229851 0.123209 0.101695 0.074792 0.245763 0.094972 0.077778 0.049861 0.013889 0.064067 0.022222 0.030641 0.002770 0.027855 0.030641 0.016667 0.115819 0.030641 0.030641 0.002770 0.016667 0.016667 0.002770 0.002770 0.002770 0.002770 0.002770 0.002770 0.002770 0.027855 0.002770 0.016667 0.033426 0.016667 0.016667 0.033241 0.016667 0.022472 0.002770 0.038889 0.022472 0.041899 0.084034 0.027778 0.091922 0.033708 0.063712 0.044444 0.089286
1.688.13B.X:15299280-15299640 0.024931 0.027701 0.074074 0.033333 0.016620 0.000000 0.011080 0.061111 0.073864 0.013850 0.019391 0.011080 0.000000 0.008310 0.044321 0.073864 0.044321 0.019718 0.039437 0.024931 0.097421 0.047354 0.047354 0.081232 0.048159 0.084507 0.058496 0.036011 0.068376 0.089888 0.090652 0.092437 0.135593 0.087079 0.053073 0.115493 0.053073 0.174785 0.135977 0.108883 0.118644 0.149856 0.121469 0.135977 0.212644 0.282051 0.082621 0.115493 0.155367 0.114613 0.121813 0.114613 0.147727 0.097143 0.092697 0.252841 0.165714 0.167614 0.267241 0.095506 0.109859 0.115493 0.135977 0.114846 0.276657 0.153179 0.156522 0.217647 0.232836 0.128940 0.107345 0.083102 0.251412 0.103352 0.086111 0.055402 0.025000 0.069638 0.033333 0.041783 0.013850 0.036212 0.038997 0.027778 0.127119 0.041783 0.041783 0.013850 0.027778 0.027778 0.013850 0.013850 0.013850 0.013850 0.013850 0.013850 0.013850 0.038997 0.013850 0.027778 0.044568 0.027778 0.027778 0.044321 0.027778 0.033708 0.013850 0.050000 0.033708 0.053073 0.095238 0.038889 0.097493 0.042135 0.074792 0.055556 0.103571
1.688.13B.X:15299641-15300001 0.033241 0.036011 0.082621 0.041667 0.024931 0.008310 0.002770 0.063889 0.073864 0.016620 0.022161 0.019391 0.008310 0.000000 0.047091 0.073864 0.047091 0.022535 0.047887 0.027701 0.106017 0.050139 0.050139 0.089636 0.050992 0.092958 0.066852 0.038781 0.071225 0.092697 0.093484 0.100840 0.138418 0.089888 0.055866 0.121127 0.055866 0.177650 0.144476 0.117479 0.127119 0.158501 0.129944 0.144476 0.221264 0.290598 0.091168 0.121127 0.163842 0.123209 0.130312 0.123209 0.156250 0.105714 0.101124 0.184659 0.174286 0.176136 0.272989 0.103933 0.118310 0.123944 0.144476 0.123249 0.285303 0.161850 0.159420 0.226471 0.238806 0.137536 0.115819 0.088643 0.254237 0.111732 0.088889 0.058172 0.030556 0.072423 0.036111 0.044568 0.016620 0.041783 0.041783 0.030556 0.132768 0.044568 0.044568 0.016620 0.030556 0.030556 0.016620 0.016620 0.016620 0.016620 0.016620 0.016620 0.016620 0.044568 0.016620 0.030556 0.047354 0.030556 0.030556 0.047091 0.030556 0.036517 0.016620 0.052778 0.036517 0.055866 0.098039 0.041667 0.100279 0.044944 0.077562 0.061111 0.110714
1.688.13B.X:15300002-15300362 0.049861 0.049861 0.113960 0.055556 0.044321 0.044321 0.049861 0.016667 0.099432 0.036011 0.030471 0.038781 0.044321 0.047091 0.000000 0.099432 0.066482 0.030986 0.067606 0.024931 0.131805 0.069638 0.058496 0.053221 0.076487 0.107042 0.083565 0.063712 0.091168 0.106742 0.104816 0.120448 0.161017 0.101124 0.072626 0.140845 0.078212 0.191977 0.161473 0.126074 0.135593 0.161383 0.132768 0.152975 0.224138 0.153846 0.096866 0.123944 0.172316 0.131805 0.138810 0.134670 0.153409 0.111429 0.103933 0.272727 0.168571 0.181818 0.252874 0.109551 0.126761 0.126761 0.147309 0.131653 0.299712 0.176301 0.168116 0.220588 0.238806 0.140401 0.121469 0.108033 0.254237 0.134078 0.108333 0.077562 0.050000 0.091922 0.055556 0.064067 0.036011 0.061281 0.064067 0.050000 0.152542 0.064067 0.064067 0.036011 0.050000 0.050000 0.036011 0.036011 0.036011 0.036011 0.036011 0.036011 0.036011 0.064067 0.036011 0.047222 0.066852 0.050000 0.047222 0.066482 0.050000 0.056180 0.036011 0.072222 0.056180 0.075419 0.114846 0.061111 0.122563 0.067416 0.096953 0.080556 0.121429
1.688.13B.X:15300363-15300714 0.085227 0.085227 0.028490 0.076705 0.079545 0.073864 0.076705 0.076705 0.000000 0.062500 0.079545 0.068182 0.073864 0.073864 0.099432 0.000000 0.093750 0.079545 0.076705 0.079545 0.042980 0.102273 0.113636 0.156250 0.107955 0.096591 0.122159 0.090909 0.105413 0.110795 0.150568 0.170455 0.190341 0.150568 0.113636 0.071023 0.113636 0.186246 0.198864 0.128940 0.184659 0.167147 0.136364 0.153409 0.135057 0.156695 0.150997 0.150568 0.218750 0.134670 0.156250 0.151862 0.167614 0.148571 0.153409 0.247159 0.182857 0.255682 0.227011 0.156250 0.173295 0.178977 0.153409 0.173295 0.345821 0.173410 0.191304 0.235294 0.217910 0.163324 0.122159 0.125000 0.127841 0.144886 0.127841 0.110795 0.059659 0.130682 0.085227 0.096591 0.062500 0.076705 0.096591 0.079545 0.062500 0.096591 0.096591 0.062500 0.059659 0.079545 0.062500 0.062500 0.062500 0.062500 0.062500 0.062500 0.062500 0.076705 0.062500 0.079545 0.099432 0.079545 0.079545 0.093750 0.079545 0.028409 0.062500 0.102273 0.028409 0.102273 0.096591 0.090909 0.133523 0.090909 0.107955 0.090909 0.092857
1.688.13B.X:15300715-15301075 0.047091 0.047091 0.065527 0.055556 0.049861 0.044321 0.049861 0.083333 0.093750 0.030471 0.047091 0.033241 0.044321 0.047091 0.066482 0.093750 0.000000 0.047887 0.061972 0.047091 0.126074 0.064067 0.069638 0.109244 0.070822 0.081690 0.069638 0.058172 0.085470 0.101124 0.101983 0.106443 0.152542 0.103933 0.058659 0.126761 0.067039 0.277937 0.206799 0.137536 0.149718 0.178674 0.135593 0.150142 0.232759 0.299145 0.096866 0.140845 0.166667 0.143266 0.121813 0.134670 0.164773 0.125714 0.120787 0.281250 0.182857 0.261364 0.229885 0.123596 0.138028 0.143662 0.150142 0.142857 0.305476 0.153179 0.313043 0.382353 0.250746 0.157593 0.135593 0.099723 0.259887 0.128492 0.105556 0.072022 0.044444 0.091922 0.050000 0.058496 0.030471 0.058496 0.058496 0.044444 0.146893 0.052925 0.058496 0.030471 0.044444 0.044444 0.030471 0.030471 0.030471 0.030471 0.030471 0.030471 0.030471 0.058496 0.030471 0.030556 0.061281 0.044444 0.030556 0.060942 0.044444 0.050562 0.030471 0.061111 0.050562 0.039106 0.112045 0.055556 0.119777 0.061798 0.088643 0.075000 0.128571
1.688.13B.X:15301076-15301430 0.030986 0.036620 0.088319 0.045070 0.030986 0.019718 0.025352 0.045070 0.079545 0.016901 0.000000 0.019718 0.019718 0.022535 0.030986 0.079545 0.047887 0.000000 0.047887 0.028169 0.111748 0.056338 0.033803 0.078873 0.050992 0.109859 0.073239 0.039437 0.071225 0.107042 0.090652 0.109859 0.138418 0.098592 0.064789 0.123944 0.064789 0.177650 0.155807 0.103152 0.129944 0.138329 0.132768 0.147309 0.206897 0.150997 0.079772 0.123944 0.163842 0.108883 0.133144 0.108883 0.156250 0.088571 0.095775 0.198864 0.177143 0.187500 0.255747 0.101408 0.118310 0.126761 0.141643 0.121127 0.293948 0.150289 0.144928 0.211765 0.217910 0.123209 0.115819 0.087324 0.262712 0.115493 0.090141 0.059155 0.033803 0.076056 0.039437 0.050704 0.016901 0.047887 0.047887 0.033803 0.135593 0.050704 0.050704 0.016901 0.028169 0.033803 0.016901 0.016901 0.016901 0.016901 0.016901 0.016901 0.016901 0.050704 0.016901 0.033803 0.053521 0.033803 0.033803 0.047887 0.033803 0.050704 0.016901 0.056338 0.050704 0.064789 0.109859 0.045070 0.101408 0.042254 0.073239 0.064789 0.089286
1.688.13B.X:15301436-15301790 0.045070 0.045070 0.094017 0.053521 0.045070 0.039437 0.050704 0.087324 0.076705 0.030986 0.047887 0.028169 0.039437 0.047887 0.067606 0.076705 0.061972 0.047887 0.000000 0.047887 0.106017 0.070423 0.081690 0.115493 0.070822 0.109859 0.081690 0.059155 0.059829 0.121127 0.113314 0.121127 0.146893 0.118310 0.081690 0.126761 0.081690 0.163324 0.167139 0.123209 0.155367 0.152738 0.158192 0.172805 0.224138 0.173789 0.099715 0.135211 0.189266 0.128940 0.161473 0.131805 0.184659 0.111429 0.126761 0.215909 0.211429 0.210227 0.275862 0.129577 0.146479 0.152113 0.172805 0.146479 0.314121 0.167630 0.156522 0.229412 0.229851 0.137536 0.163842 0.101408 0.290960 0.104225 0.098592 0.061972 0.025352 0.095775 0.053521 0.064789 0.030986 0.042254 0.050704 0.047887 0.112994 0.050704 0.064789 0.030986 0.019718 0.047887 0.030986 0.030986 0.030986 0.030986 0.030986 0.030986 0.030986 0.042254 0.030986 0.047887 0.053521 0.047887 0.047887 0.061972 0.047887 0.070423 0.030986 0.070423 0.070423 0.064789 0.121127 0.059155 0.101408 0.059155 0.078873 0.056338 0.089286
1.688.13B.X:15301796-15302156 0.036011 0.030471 0.094017 0.036111 0.030471 0.024931 0.030471 0.041667 0.079545 0.016620 0.027701 0.019391 0.024931 0.027701 0.024931 0.079545 0.047091 0.028169 0.047887 0.000000 0.111748 0.050139 0.055710 0.078431 0.050992 0.092958 0.064067 0.038781 0.071225 0.089888 0.093484 0.106443 0.138418 0.084270 0.058659 0.126761 0.055866 0.174785 0.141643 0.120344 0.129944 0.161383 0.127119 0.147309 0.227011 0.148148 0.094017 0.123944 0.166667 0.126074 0.133144 0.126074 0.159091 0.108571 0.103933 0.190341 0.171429 0.181818 0.264368 0.106742 0.123944 0.121127 0.147309 0.126050 0.296830 0.167630 0.162319 0.223529 0.235821 0.140401 0.118644 0.091413 0.245763 0.111732 0.086111 0.063712 0.030556 0.075209 0.036111 0.044568 0.016620 0.044568 0.041783 0.030556 0.132768 0.044568 0.044568 0.016620 0.030556 0.030556 0.016620 0.016620 0.016620 0.016620 0.016620 0.016620 0.016620 0.044568 0.016620 0.030556 0.047354 0.030556 0.030556 0.047091 0.030556 0.036517 0.016620 0.052778 0.036517 0.055866 0.095238 0.041667 0.100279 0.044944 0.077562 0.061111 0.110714
1.688.13B.X:15302157-15302505 0.108883 0.108883 0.060172 0.103152 0.103152 0.097421 0.108883 0.151862 0.042980 0.094556 0.111748 0.091691 0.097421 0.106017 0.131805 0.042980 0.126074 0.111748 0.106017 0.111748 0.000000 0.103152 0.146132 0.163324 0.108883 0.131805 0.120344 0.123209 0.088825 0.163324 0.183381 0.163324 0.223496 0.183381 0.146132 0.083095 0.146132 0.194842 0.194842 0.171920 0.157593 0.224784 0.214900 0.189112 0.126437 0.338109 0.154728 0.171920 0.214900 0.169054 0.189112 0.189112 0.203438 0.126074 0.180516 0.209169 0.200573 0.203438 0.238506 0.151862 0.169054 0.194842 0.200573 0.189112 0.198847 0.205202 0.197101 0.373529 0.220896 0.171920 0.160458 0.160458 0.249284 0.163324 0.160458 0.137536 0.091691 0.163324 0.117479 0.097421 0.094556 0.108883 0.120344 0.111748 0.074499 0.120344 0.097421 0.094556 0.094556 0.080229 0.094556 0.094556 0.094556 0.094556 0.094556 0.094556 0.094556 0.108883 0.094556 0.111748 0.123209 0.111748 0.111748 0.126074 0.111748 0.091691 0.094556 0.134670 0.091691 0.123209 0.160458 0.091691 0.131805 0.108883 0.140401 0.123209 0.114286
1.688.13B.X:15302506-15302864 0.052925 0.055710 0.122507 0.050139 0.041783 0.047354 0.052925 0.089136 0.102273 0.033426 0.050139 0.036212 0.047354 0.050139 0.069638 0.102273 0.064067 0.056338 0.070423 0.050139 0.103152 0.000000 0.069638 0.100840 0.028329 0.087324 0.033426 0.050139 0.062678 0.070225 0.090652 0.131653 0.152542 0.109551 0.078212 0.070423 0.067039 0.174785 0.130312 0.143266 0.121469 0.172911 0.138418 0.138810 0.183908 0.273504 0.116809 0.115493 0.155367 0.117479 0.135977 0.123209 0.150568 0.100000 0.126404 0.167614 0.151429 0.147727 0.204023 0.098315 0.115493 0.121127 0.138810 0.137255 0.256484 0.170520 0.165217 0.314706 0.223881 0.143266 0.124294 0.108635 0.121469 0.136872 0.108635 0.061281 0.050139 0.086351 0.044568 0.033426 0.033426 0.066852 0.066852 0.050139 0.053672 0.052925 0.033426 0.033426 0.050139 0.019499 0.033426 0.033426 0.033426 0.033426 0.033426 0.033426 0.033426 0.064067 0.033426 0.047354 0.061281 0.050139 0.047354 0.061281 0.047354 0.058989 0.033426 0.066852 0.058989 0.078212 0.100840 0.030641 0.077994 0.070225 0.077994 0.080780 0.107143
1.688.13B.X:15302865-15303223 0.058496 0.064067 0.119658 0.072423 0.058496 0.047354 0.052925 0.072423 0.113636 0.044568 0.027855 0.047354 0.047354 0.050139 0.058496 0.113636 0.069638 0.033803 0.081690 0.055710 0.146132 0.069638 0.000000 0.100840 0.084986 0.095775 0.089136 0.066852 0.105413 0.095506 0.104816 0.120448 0.135593 0.106742 0.069832 0.107042 0.027933 0.243553 0.141643 0.134670 0.144068 0.170029 0.129944 0.144476 0.198276 0.270655 0.096866 0.138028 0.161017 0.140401 0.130312 0.134670 0.161932 0.122857 0.115169 0.133523 0.180000 0.142045 0.281609 0.120787 0.132394 0.138028 0.141643 0.140056 0.259366 0.184971 0.150725 0.267647 0.238806 0.157593 0.132768 0.114206 0.096045 0.114525 0.108635 0.055710 0.061281 0.091922 0.066852 0.066852 0.044568 0.075209 0.064067 0.061281 0.087571 0.047354 0.066852 0.044568 0.061281 0.061281 0.044568 0.044568 0.044568 0.044568 0.044568 0.044568 0.044568 0.066852 0.044568 0.041783 0.066852 0.061281 0.041783 0.064067 0.050139 0.070225 0.044568 0.072423 0.070225 0.089385 0.131653 0.072423 0.122563 0.078652 0.094708 0.091922 0.132143
1.688.13B.X:15303224-15303580 0.086835 0.092437 0.162393 0.100840 0.086835 0.081232 0.092437 0.067227 0.156250 0.078431 0.067227 0.075630 0.081232 0.089636 0.053221 0.156250 0.109244 0.078873 0.115493 0.078431 0.163324 0.100840 0.100840 0.000000 0.113314 0.129577 0.103641 0.106443 0.128205 0.120787 0.164306 0.159664 0.209040 0.134831 0.123249 0.129577 0.128852 0.191977 0.189802 0.171920 0.163842 0.181556 0.177966 0.167139 0.169540 0.319088 0.148148 0.154930 0.197740 0.160458 0.147309 0.157593 0.167614 0.140000 0.148876 0.196023 0.182857 0.156250 0.221264 0.137640 0.154930 0.157746 0.167139 0.162465 0.328530 0.196532 0.182609 0.320588 0.179104 0.177650 0.127119 0.165266 0.163842 0.173669 0.123249 0.098039 0.092437 0.112045 0.100840 0.095238 0.078431 0.106443 0.098039 0.072829 0.121469 0.098039 0.095238 0.078431 0.095238 0.078431 0.078431 0.078431 0.078431 0.078431 0.078431 0.078431 0.078431 0.109244 0.078431 0.092437 0.100840 0.072829 0.092437 0.109244 0.095238 0.109551 0.078431 0.095238 0.109551 0.114846 0.131653 0.089636 0.154062 0.120787 0.145658 0.123249 0.125000
1.688.13B.X:15303581-15303933 0.059490 0.059490 0.122507 0.056657 0.048159 0.048159 0.053824 0.096317 0.107955 0.039660 0.050992 0.042493 0.048159 0.050992 0.076487 0.107955 0.070822 0.050992 0.070822 0.050992 0.108883 0.028329 0.084986 0.113314 0.000000 0.118980 0.033994 0.031161 0.068376 0.099150 0.118980 0.141643 0.138810 0.124646 0.090652 0.073654 0.087819 0.171920 0.130312 0.126074 0.118980 0.155620 0.152975 0.138810 0.166667 0.270655 0.099715 0.110482 0.152975 0.100287 0.135977 0.106017 0.150568 0.082857 0.118980 0.167614 0.168571 0.147727 0.224138 0.090652 0.133144 0.133144 0.138810 0.127479 0.291066 0.176301 0.147826 0.311765 0.226866 0.126074 0.121813 0.101983 0.184136 0.121813 0.101983 0.082153 0.056657 0.090652 0.048159 0.039660 0.039660 0.073654 0.070822 0.056657 0.073654 0.073654 0.039660 0.039660 0.050992 0.025496 0.039660 0.039660 0.039660 0.039660 0.039660 0.039660 0.039660 0.070822 0.039660 0.056657 0.067989 0.056657 0.056657 0.067989 0.053824 0.073654 0.039660 0.079320 0.073654 0.087819 0.101983 0.036827 0.073654 0.065156 0.093484 0.073654 0.085714
1.688.13B.X:15303939-15304293 0.090141 0.095775 0.102564 0.067606 0.084507 0.084507 0.095775 0.126761 0.096591 0.081690 0.092958 0.078873 0.084507 0.092958 0.107042 0.096591 0.081690 0.109859 0.109859 0.092958 0.131805 0.087324 0.095775 0.129577 0.118980 0.000000 0.101408 0.109859 0.085470 0.129577 0.152975 0.149296 0.194915 0.163380 0.109859 0.107042 0.101408 0.163324 0.175637 0.171920 0.158192 0.198847 0.166667 0.150142 0.163793 0.173789 0.150997 0.152113 0.163842 0.154728 0.138810 0.177650 0.167614 0.137143 0.152113 0.196023 0.197143 0.167614 0.238506 0.132394 0.146479 0.160563 0.158640 0.157746 0.282421 0.176301 0.173913 0.335294 0.235821 0.148997 0.135593 0.138028 0.166667 0.135211 0.152113 0.087324 0.070423 0.146479 0.104225 0.095775 0.081690 0.084507 0.107042 0.098592 0.121469 0.076056 0.095775 0.081690 0.078873 0.078873 0.081690 0.081690 0.081690 0.081690 0.081690 0.081690 0.081690 0.087324 0.081690 0.078873 0.109859 0.098592 0.078873 0.112676 0.098592 0.109859 0.081690 0.109859 0.109859 0.084507 0.152113 0.090141 0.138028 0.126761 0.166197 0.101408 0.125000
1.688.13B.X:15304294-15304652 0.064067 0.066852 0.133903 0.061281 0.052925 0.058496 0.069638 0.103064 0.122159 0.050139 0.066852 0.047354 0.058496 0.066852 0.083565 0.122159 0.069638 0.073239 0.081690 0.064067 0.120344 0.033426 0.089136 0.103641 0.033994 0.101408 0.000000 0.058496 0.085470 0.095506 0.116147 0.142857 0.161017 0.126404 0.092179 0.090141 0.086592 0.174785 0.135977 0.140401 0.127119 0.181556 0.132768 0.141643 0.189655 0.276353 0.111111 0.123944 0.158192 0.123209 0.138810 0.128940 0.156250 0.105714 0.123596 0.170455 0.157143 0.150568 0.215517 0.103933 0.132394 0.129577 0.141643 0.145658 0.273775 0.190751 0.171014 0.288235 0.226866 0.151862 0.127119 0.119777 0.127119 0.136872 0.125348 0.075209 0.064067 0.103064 0.058496 0.055710 0.050139 0.080780 0.083565 0.066852 0.076271 0.072423 0.055710 0.050139 0.066852 0.041783 0.050139 0.050139 0.050139 0.050139 0.050139 0.050139 0.050139 0.077994 0.050139 0.061281 0.077994 0.066852 0.061281 0.077994 0.064067 0.075843 0.050139 0.075209 0.075843 0.094972 0.100840 0.052925 0.089136 0.087079 0.103064 0.089136 0.114286
1.688.13B.X:15304653-15305014 0.047091 0.049861 0.056980 0.041667 0.036011 0.036011 0.041551 0.080556 0.090909 0.027701 0.038781 0.030471 0.036011 0.038781 0.063712 0.090909 0.058172 0.039437 0.059155 0.038781 0.123209 0.050139 0.066852 0.106443 0.031161 0.109859 0.058496 0.000000 0.082621 0.092697 0.110482 0.117647 0.101695 0.098315 0.069832 0.107042 0.067039 0.163324 0.144476 0.126074 0.135593 0.167147 0.129944 0.152975 0.327586 0.153846 0.099715 0.129577 0.211864 0.131805 0.138810 0.131805 0.164773 0.114286 0.109551 0.258523 0.174286 0.250000 0.275862 0.112360 0.135211 0.123944 0.152975 0.131653 0.296830 0.179191 0.168116 0.226471 0.253731 0.146132 0.124294 0.074586 0.254237 0.120112 0.077778 0.077348 0.041667 0.072423 0.033333 0.052925 0.027701 0.055710 0.052925 0.041667 0.144068 0.055710 0.052925 0.027701 0.041667 0.041667 0.027701 0.027701 0.027701 0.027701 0.027701 0.027701 0.027701 0.052925 0.027701 0.041667 0.050139 0.041667 0.041667 0.055402 0.038889 0.115169 0.027701 0.063889 0.115169 0.067039 0.098039 0.052778 0.111421 0.056180 0.082873 0.044444 0.107143
1.688.13B.X:15305015-15305365 0.074074 0.074074 0.108262 0.051282 0.074074 0.068376 0.074074 0.079772 0.105413 0.054131 0.071225 0.056980 0.068376 0.071225 0.091168 0.105413 0.085470 0.071225 0.059829 0.071225 0.088825 0.062678 0.105413 0.128205 0.068376 0.085470 0.085470 0.082621 0.000000 0.111111 0.131054 0.156695 0.173789 0.111111 0.105413 0.085470 0.105413 0.137536 0.119658 0.111748 0.136752 0.144092 0.139601 0.125356 0.175287 0.131054 0.108262 0.099715 0.139601 0.085960 0.176638 0.114613 0.139601 0.100000 0.105413 0.188034 0.162857 0.190883 0.212644 0.108262 0.094017 0.150997 0.156695 0.113960 0.164265 0.135838 0.133333 0.314706 0.208955 0.134670 0.139601 0.125356 0.210826 0.099715 0.122507 0.096866 0.051282 0.122507 0.076923 0.056980 0.054131 0.068376 0.079772 0.071225 0.085470 0.079772 0.056980 0.054131 0.042735 0.039886 0.054131 0.054131 0.054131 0.054131 0.054131 0.054131 0.054131 0.068376 0.054131 0.071225 0.082621 0.071225 0.071225 0.085470 0.071225 0.082621 0.054131 0.094017 0.082621 0.082621 0.119658 0.051282 0.096866 0.082621 0.102564 0.051282 0.071429
1.688.13B.X:15305371-15305726 0.095506 0.098315 0.170940 0.089888 0.081461 0.089888 0.095506 0.109551 0.110795 0.075843 0.092697 0.078652 0.089888 0.092697 0.106742 0.110795 0.101124 0.107042 0.121127 0.089888 0.163324 0.070225 0.095506 0.120787 0.099150 0.129577 0.095506 0.092697 0.111111 0.000000 0.150142 0.160112 0.183616 0.109551 0.084270 0.132394 0.087079 0.203438 0.181303 0.183381 0.175141 0.184438 0.172316 0.158640 0.189655 0.168091 0.136752 0.157746 0.186441 0.169054 0.161473 0.128940 0.147727 0.154286 0.165730 0.181818 0.157143 0.156250 0.218391 0.162921 0.132394 0.200000 0.164306 0.185393 0.184438 0.202312 0.173913 0.267647 0.214925 0.206304 0.166667 0.140449 0.132768 0.179775 0.120787 0.087079 0.092697 0.101124 0.087079 0.087079 0.075843 0.109551 0.095506 0.061798 0.115819 0.073034 0.087079 0.075843 0.092697 0.073034 0.075843 0.075843 0.075843 0.075843 0.075843 0.075843 0.075843 0.106742 0.075843 0.073034 0.098315 0.061798 0.073034 0.103933 0.089888 0.109551 0.075843 0.073034 0.109551 0.120787 0.148876 0.084270 0.140449 0.120787 0.134831 0.109551 0.157143
1.688.13B.X:15305727-15306079 0.096317 0.101983 0.162393 0.104816 0.090652 0.090652 0.096317 0.113314 0.150568 0.082153 0.090652 0.084986 0.090652 0.093484 0.104816 0.150568 0.101983 0.090652 0.113314 0.093484 0.183381 0.090652 0.104816 0.164306 0.118980 0.152975 0.116147 0.110482 0.131054 0.150142 0.000000 0.181303 0.203966 0.130312 0.107649 0.155807 0.113314 0.275072 0.181303 0.143266 0.167139 0.201729 0.144476 0.178470 0.209770 0.185185 0.136752 0.158640 0.181303 0.148997 0.175637 0.148997 0.198864 0.171429 0.164306 0.201705 0.182857 0.161932 0.284483 0.167139 0.175637 0.144476 0.206799 0.155807 0.311239 0.193642 0.185507 0.214706 0.280597 0.191977 0.195467 0.144476 0.158640 0.181303 0.133144 0.107649 0.099150 0.135977 0.093484 0.093484 0.082153 0.101983 0.116147 0.099150 0.127479 0.099150 0.093484 0.082153 0.093484 0.099150 0.082153 0.082153 0.082153 0.082153 0.082153 0.082153 0.082153 0.093484 0.082153 0.087819 0.096317 0.099150 0.087819 0.090652 0.076487 0.116147 0.082153 0.104816 0.116147 0.130312 0.135977 0.110482 0.150142 0.110482 0.101983 0.118980 0.171429
1.688.13B.X:15306085-15306441 0.100840 0.106443 0.170940 0.112045 0.100840 0.092437 0.106443 0.140056 0.170455 0.092437 0.098039 0.089636 0.092437 0.100840 0.120448 0.170455 0.106443 0.109859 0.121127 0.106443 0.163324 0.131653 0.120448 0.159664 0.141643 0.149296 0.142857 0.117647 0.156695 0.160112 0.181303 0.000000 0.152542 0.137640 0.123249 0.160563 0.112045 0.243553 0.195467 0.166189 0.163842 0.178674 0.200565 0.215297 0.218391 0.202279 0.153846 0.208451 0.214689 0.194842 0.175637 0.200573 0.213068 0.154286 0.140449 0.167614 0.225714 0.184659 0.204023 0.162921 0.169014 0.183099 0.178470 0.179272 0.331412 0.190751 0.243478 0.335294 0.188060 0.177650 0.163842 0.159664 0.152542 0.173669 0.131653 0.120448 0.106443 0.114846 0.114846 0.126050 0.092437 0.120448 0.070028 0.100840 0.144068 0.100840 0.126050 0.092437 0.109244 0.109244 0.092437 0.092437 0.092437 0.092437 0.092437 0.092437 0.092437 0.123249 0.092437 0.109244 0.103641 0.100840 0.109244 0.109244 0.109244 0.115169 0.092437 0.123249 0.115169 0.100840 0.168067 0.120448 0.131653 0.106742 0.140056 0.137255 0.185714
1.688.13B.X:15306442-15306795 0.144068 0.146893 0.207977 0.141243 0.132768 0.135593 0.141243 0.175141 0.190341 0.124294 0.132768 0.127119 0.135593 0.138418 0.161017 0.190341 0.152542 0.138418 0.146893 0.138418 0.223496 0.152542 0.135593 0.209040 0.138810 0.194915 0.161017 0.101695 0.173789 0.183616 0.203966 0.152542 0.000000 0.158192 0.146893 0.172316 0.115819 0.229226 0.186969 0.203438 0.200565 0.198847 0.217514 0.240793 0.261494 0.205128 0.193732 0.200565 0.225989 0.209169 0.206799 0.189112 0.215909 0.194286 0.183616 0.170455 0.251429 0.193182 0.264368 0.175141 0.180791 0.186441 0.215297 0.203390 0.328530 0.219653 0.202899 0.297059 0.280597 0.209169 0.220339 0.129944 0.115819 0.144068 0.127119 0.172316 0.121469 0.149718 0.115819 0.144068 0.124294 0.138418 0.129944 0.141243 0.177966 0.158192 0.144068 0.124294 0.112994 0.141243 0.124294 0.124294 0.124294 0.124294 0.124294 0.124294 0.124294 0.124294 0.124294 0.141243 0.144068 0.141243 0.141243 0.127119 0.127119 0.158192 0.124294 0.163842 0.158192 0.169492 0.192090 0.146893 0.163842 0.132768 0.138418 0.124294 0.207143
1.688.13B.X:15306796-15307151 0.092697 0.092697 0.170940 0.092697 0.084270 0.087079 0.092697 0.087079 0.150568 0.073034 0.084270 0.075843 0.087079 0.089888 0.101124 0.150568 0.103933 0.098592 0.118310 0.084270 0.183381 0.109551 0.106742 0.134831 0.124646 0.163380 0.126404 0.098315 0.111111 0.109551 0.130312 0.137640 0.158192 0.000000 0.117978 0.149296 0.112360 0.214900 0.118980 0.111748 0.141243 0.135447 0.124294 0.127479 0.212644 0.150997 0.136752 0.115493 0.144068 0.117479 0.155807 0.117479 0.150568 0.154286 0.087079 0.170455 0.148571 0.150568 0.183908 0.140449 0.123944 0.138028 0.141643 0.115169 0.302594 0.147399 0.153623 0.344118 0.217910 0.163324 0.152542 0.112360 0.138418 0.165730 0.098315 0.115169 0.089888 0.106742 0.092697 0.075843 0.073034 0.101124 0.101124 0.058989 0.104520 0.101124 0.075843 0.073034 0.089888 0.089888 0.073034 0.073034 0.073034 0.073034 0.073034 0.073034 0.073034 0.075843 0.073034 0.089888 0.073034 0.058989 0.089888 0.073034 0.058989 0.106742 0.073034 0.081461 0.106742 0.117978 0.146067 0.101124 0.143258 0.117978 0.103933 0.089888 0.103571
1.688.13B.X:15307152-15307509 0.058659 0.061453 0.131054 0.069832 0.058659 0.053073 0.058659 0.092179 0.113636 0.041899 0.055866 0.044693 0.053073 0.055866 0.072626 0.113636 0.058659 0.064789 0.081690 0.058659 0.146132 0.078212 0.069832 0.123249 0.090652 0.109859 0.092179 0.069832 0.105413 0.084270 0.107649 0.123249 0.146893 0.117978 0.000000 0.157746 0.055866 0.217765 0.172805 0.140401 0.149718 0.172911 0.124294 0.138810 0.166667 0.156695 0.099715 0.135211 0.155367 0.146132 0.124646 0.123209 0.147727 0.142857 0.137640 0.156250 0.151429 0.113636 0.284483 0.140449 0.132394 0.146479 0.152975 0.145658 0.285303 0.196532 0.159420 0.214706 0.262687 0.174785 0.152542 0.072626 0.076271 0.136872 0.097765 0.067039 0.058659 0.061453 0.064246 0.069832 0.041899 0.044693 0.058659 0.058659 0.093220 0.055866 0.069832 0.041899 0.058659 0.058659 0.041899 0.041899 0.041899 0.041899 0.041899 0.041899 0.041899 0.069832 0.041899 0.027933 0.072626 0.058659 0.027933 0.067039 0.053073 0.070225 0.041899 0.058659 0.070225 0.089385 0.131653 0.061453 0.120112 0.081461 0.097765 0.089385 0.142857
1.688.13B.X:15307510-15307864 0.121127 0.126761 0.079772 0.073239 0.121127 0.115493 0.123944 0.160563 0.071023 0.109859 0.121127 0.109859 0.115493 0.121127 0.140845 0.071023 0.126761 0.123944 0.126761 0.126761 0.083095 0.070423 0.107042 0.129577 0.073654 0.107042 0.090141 0.107042 0.085470 0.132394 0.155807 0.160563 0.172316 0.149296 0.157746 0.000000 0.112676 0.180516 0.152975 0.157593 0.135593 0.190202 0.161017 0.152975 0.132184 0.153846 0.145299 0.143662 0.169492 0.131805 0.164306 0.151862 0.164773 0.114286 0.138028 0.221591 0.177143 0.173295 0.224138 0.109859 0.135211 0.143662 0.152975 0.146479 0.305476 0.176301 0.185507 0.397059 0.238806 0.154728 0.138418 0.140845 0.367232 0.152113 0.129577 0.149296 0.078873 0.126761 0.132394 0.064789 0.109859 0.092958 0.095775 0.078873 0.070621 0.095775 0.064789 0.109859 0.087324 0.047887 0.109859 0.109859 0.109859 0.109859 0.109859 0.109859 0.109859 0.095775 0.109859 0.126761 0.098592 0.078873 0.126761 0.140845 0.126761 0.070423 0.109859 0.101408 0.070423 0.084507 0.123944 0.059155 0.112676 0.140845 0.152113 0.081690 0.114286
