111
1.688.10C.X:11594873-11595043 0.000000 0.222222 0.233918 0.444444 0.292398 0.292398 0.339181 0.269006 0.304094 0.274854 0.304094 0.304094 0.274854 0.286550 0.269006 0.286550 0.286550 0.292398 0.292398 0.292398 0.380117 0.298246 0.298246 0.678363 0.380117 0.333333 0.742690 0.476190 0.321637 0.432749 0.397661 0.567251 0.257310 0.286550 0.257310 0.257310 0.286550 0.456140 0.350877 0.292398 0.461988 0.497076 0.397661 0.526316 0.327485 0.520468 0.666667 0.473684 0.356725 0.450292 0.578947 0.385965 0.409357 0.362573 0.438596 0.409357 0.263158 0.350877 0.345029 0.350877 0.280702 0.321637 0.315789 0.280702 0.321637 0.403509 0.292398 0.315789 0.315789 0.321637 0.286550 0.286550 0.298246 0.292398 0.257310 0.309942 0.315789 0.292398 0.397661 0.292398 0.350877 0.304094 0.298246 0.298246 0.721154 0.467836 0.292398 0.409357 0.719745 0.309942 0.432749 0.356725 0.368421 0.719745 0.309942 0.432749 0.356725 0.467836 0.304094 0.362573 0.391813 0.750000 0.362573 0.391813 0.750000 0.280702 0.292398 0.409357 0.391813 0.730769 0.368421
1.688.10C.X:11595050-11595406 0.222222 0.000000 0.036415 0.067278 0.059155 0.067989 0.139130 0.131653 0.090395 0.053221 0.134670 0.076056 0.056022 0.056022 0.072829 0.064789 0.075630 0.056022 0.067227 0.056022 0.064140 0.054598 0.059155 0.060000 0.061224 0.149856 0.224265 0.412698 0.148148 0.277143 0.236994 0.165079 0.111748 0.184211 0.100575 0.126437 0.113314 0.191429 0.141643 0.110795 0.428152 0.340116 0.122857 0.236152 0.200573 0.215116 0.337705 0.198830 0.143275 0.156250 0.358663 0.298246 0.185714 0.138028 0.143662 0.123209 0.075630 0.144928 0.128940 0.132394 0.115493 0.090909 0.103933 0.138028 0.109244 0.092437 0.103641 0.084034 0.092437 0.088825 0.078431 0.078431 0.073446 0.092437 0.081232 0.081232 0.104348 0.061625 0.073964 0.063253 0.086455 0.070621 0.076271 0.076271 0.019231 0.040000 0.056338 0.078261 0.121019 0.086835 0.061947 0.080692 0.113372 0.121019 0.086835 0.061947 0.101156 0.057143 0.059490 0.122093 0.200590 0.102564 0.122093 0.200590 0.102564 0.072829 0.056338 0.078261 0.147929 0.096154 0.083333
1.688.10C.X:11595413-11595770 0.233918 0.036415 0.000000 0.024465 0.042254 0.028329 0.063768 0.120112 0.053672 0.100559 0.097421 0.036620 0.097765 0.041899 0.058659 0.025352 0.061453 0.041899 0.030726 0.041899 0.078717 0.071839 0.042254 0.010000 0.075802 0.146974 0.194853 0.412698 0.122507 0.274286 0.280347 0.133333 0.080229 0.154971 0.103448 0.091954 0.079320 0.168571 0.110482 0.079545 0.395894 0.340116 0.122857 0.323615 0.203438 0.197674 0.314754 0.201754 0.146199 0.181818 0.361702 0.286550 0.177143 0.090141 0.118310 0.106017 0.061453 0.124638 0.097421 0.095775 0.092958 0.090909 0.143258 0.135211 0.070028 0.106443 0.069832 0.072626 0.055866 0.071633 0.041899 0.041899 0.056497 0.055866 0.067039 0.069832 0.063768 0.047486 0.100592 0.063253 0.074928 0.056497 0.062147 0.062147 0.019231 0.026667 0.039437 0.075362 0.089172 0.055866 0.088496 0.092219 0.098837 0.089172 0.055866 0.088496 0.106936 0.041270 0.042493 0.090116 0.168142 0.070513 0.090116 0.168142 0.070513 0.036313 0.039437 0.075362 0.150888 0.064103 0.066092
1.688.10C.X:11595777-11596103 0.444444 0.067278 0.024465 0.000000 0.024465 0.015291 0.085627 0.076453 0.045872 0.042813 0.048930 0.021407 0.051988 0.018349 0.039755 0.009174 0.039755 0.021407 0.009174 0.021407 0.064220 0.048930 0.027523 0.010000 0.061162 0.131498 0.194853 0.603175 0.128440 0.189602 0.250765 0.136508 0.097859 0.134557 0.113150 0.113150 0.085627 0.134557 0.085627 0.076453 0.391437 0.342508 0.085627 0.305810 0.165138 0.195719 0.314754 0.195719 0.134557 0.122324 0.366972 0.262997 0.131498 0.058104 0.067278 0.058104 0.039755 0.094801 0.048930 0.097859 0.097859 0.100917 0.088685 0.088685 0.064220 0.058104 0.051988 0.055046 0.045872 0.067278 0.030581 0.030581 0.045872 0.030581 0.048930 0.051988 0.079511 0.027523 0.079511 0.116208 0.039755 0.048930 0.055046 0.055046 0.019231 0.030000 0.024465 0.045872 0.089172 0.048930 0.064220 0.058104 0.073394 0.089172 0.048930 0.064220 0.076453 0.044444 0.024465 0.064220 0.159021 0.070513 0.064220 0.159021 0.070513 0.033639 0.024465 0.045872 0.143731 0.064103 0.036697
1.688.10C.X:11596118-11596472 0.292398 0.059155 0.042254 0.024465 0.000000 0.031161 0.124638 0.053521 0.056497 0.090141 0.065903 0.039437 0.028169 0.008451 0.030986 0.022535 0.028169 0.028169 0.025352 0.014085 0.075802 0.083333 0.016901 0.015000 0.072886 0.158501 0.202206 0.349206 0.108262 0.191429 0.176301 0.152381 0.088825 0.154971 0.086207 0.103448 0.090652 0.140000 0.113314 0.071023 0.404692 0.351744 0.108571 0.314869 0.134670 0.212209 0.311475 0.201754 0.146199 0.130682 0.364742 0.213450 0.162857 0.078873 0.092958 0.080229 0.028169 0.121739 0.085960 0.109859 0.098592 0.096591 0.081690 0.092958 0.078873 0.059155 0.059155 0.045070 0.061972 0.045845 0.047887 0.047887 0.031073 0.047887 0.033803 0.042254 0.113043 0.019718 0.091716 0.030120 0.095101 0.036723 0.042373 0.042373 0.028846 0.020000 0.008451 0.075362 0.082803 0.064789 0.079646 0.089337 0.081395 0.082803 0.064789 0.079646 0.104046 0.034921 0.008499 0.090116 0.168142 0.076923 0.090116 0.168142 0.076923 0.050704 0.008451 0.075362 0.150888 0.070513 0.066092
1.688.10C.X:11596481-11596833 0.292398 0.067989 0.028329 0.015291 0.031161 0.000000 0.078261 0.056657 0.039660 0.110482 0.057307 0.022663 0.031161 0.022663 0.039660 0.014164 0.036827 0.036827 0.011331 0.022663 0.099125 0.103448 0.031161 0.010000 0.096210 0.178674 0.209559 0.301587 0.111111 0.182857 0.184971 0.149206 0.085960 0.160819 0.091954 0.094828 0.084986 0.140000 0.104816 0.068182 0.398827 0.218023 0.117143 0.329446 0.148997 0.226744 0.321311 0.219298 0.163743 0.147727 0.364742 0.225146 0.168571 0.079320 0.073654 0.094556 0.036827 0.133333 0.085960 0.090652 0.093484 0.090909 0.087819 0.082153 0.059490 0.067989 0.045326 0.048159 0.042493 0.060172 0.028329 0.028329 0.042493 0.033994 0.042493 0.045326 0.124638 0.022663 0.106509 0.054217 0.086455 0.042493 0.048159 0.048159 0.048077 0.030000 0.022663 0.078261 0.114650 0.050992 0.094395 0.103746 0.101744 0.114650 0.050992 0.094395 0.118497 0.050794 0.031161 0.093023 0.176991 0.096154 0.093023 0.176991 0.096154 0.031161 0.022663 0.078261 0.159763 0.089744 0.083333
1.688.10C.X:11596840-11597184 0.339181 0.139130 0.063768 0.085627 0.124638 0.078261 0.000000 0.150725 0.153623 0.124638 0.107246 0.127536 0.127536 0.118841 0.139130 0.115942 0.139130 0.133333 0.066667 0.072464 0.090379 0.081159 0.081159 0.080000 0.087464 0.127536 0.216912 0.476190 0.211594 0.301449 0.365217 0.152381 0.136232 0.157895 0.144928 0.150725 0.168116 0.182609 0.150725 0.173913 0.398827 0.366279 0.165217 0.320700 0.194203 0.235465 0.334426 0.207602 0.152047 0.188406 0.386018 0.339181 0.202899 0.147826 0.144928 0.124638 0.139130 0.136232 0.104348 0.176812 0.173913 0.171014 0.165217 0.107246 0.144928 0.147826 0.153623 0.142029 0.133333 0.150725 0.066667 0.072464 0.142029 0.110145 0.144928 0.144928 0.081159 0.072464 0.100592 0.162651 0.089855 0.142029 0.144928 0.144928 0.067308 0.076667 0.078261 0.081159 0.140127 0.121739 0.079646 0.101449 0.104651 0.140127 0.121739 0.079646 0.113043 0.088889 0.124638 0.095930 0.224189 0.108974 0.095930 0.224189 0.108974 0.066667 0.078261 0.081159 0.210059 0.108974 0.130435
1.688.10C.X:11597191-11597556 0.269006 0.131653 0.120112 0.076453 0.053521 0.056657 0.150725 0.000000 0.045198 0.043716 0.100287 0.059155 0.021858 0.058333 0.072423 0.059155 0.055710 0.137363 0.069444 0.058333 0.107872 0.112069 0.056338 0.045000 0.104956 0.172911 0.216912 0.349206 0.190883 0.217143 0.297688 0.177778 0.183381 0.175439 0.198276 0.198276 0.116147 0.185714 0.175637 0.181818 0.322581 0.340116 0.142857 0.233236 0.203438 0.212209 0.295082 0.254386 0.143275 0.196023 0.355623 0.298246 0.194286 0.157746 0.112676 0.134670 0.069638 0.124638 0.140401 0.166197 0.152113 0.073864 0.162921 0.177465 0.098039 0.086835 0.164804 0.044568 0.156425 0.054441 0.075209 0.069638 0.053672 0.072423 0.066852 0.041783 0.118841 0.058333 0.056213 0.066265 0.089337 0.025424 0.036723 0.036723 0.038462 0.036667 0.045070 0.107246 0.146497 0.132964 0.088496 0.083573 0.075581 0.146497 0.132964 0.088496 0.098266 0.009524 0.048159 0.122093 0.188791 0.128205 0.122093 0.188791 0.128205 0.080780 0.045070 0.107246 0.186391 0.121795 0.094828
1.688.10C.X:11597563-11597916 0.304094 0.090395 0.053672 0.045872 0.056497 0.039660 0.153623 0.045198 0.000000 0.073446 0.037249 0.028249 0.056497 0.048023 0.064972 0.042373 0.048023 0.062147 0.039548 0.048023 0.116618 0.126437 0.056497 0.055000 0.113703 0.187320 0.220588 0.301587 0.125356 0.282857 0.196532 0.171429 0.106017 0.181287 0.114943 0.117816 0.104816 0.131429 0.110482 0.088068 0.260997 0.354651 0.111429 0.227405 0.146132 0.215116 0.308197 0.263158 0.152047 0.159091 0.364742 0.228070 0.191429 0.104520 0.098870 0.117479 0.062147 0.124638 0.108883 0.084746 0.084746 0.076705 0.110169 0.107345 0.081921 0.084746 0.070621 0.036723 0.067797 0.074499 0.053672 0.048023 0.059322 0.059322 0.062147 0.033898 0.133333 0.048023 0.079882 0.069277 0.109510 0.031073 0.042373 0.042373 0.038462 0.063333 0.048023 0.101449 0.152866 0.076271 0.117994 0.126801 0.087209 0.152866 0.076271 0.117994 0.141618 0.034921 0.053824 0.116279 0.182891 0.128205 0.116279 0.182891 0.128205 0.056497 0.048023 0.101449 0.180473 0.121795 0.106322
1.688.10C.X:11597923-11598288 0.274854 0.053221 0.100559 0.042813 0.090141 0.110482 0.124638 0.043716 0.073446 0.000000 0.128940 0.115493 0.019126 0.100000 0.058496 0.107042 0.061281 0.118132 0.111111 0.100000 0.072886 0.083333 0.101408 0.010000 0.069971 0.158501 0.198529 0.333333 0.182336 0.245714 0.283237 0.149206 0.080229 0.149123 0.169540 0.094828 0.164306 0.202857 0.169972 0.153409 0.331378 0.354651 0.154286 0.300292 0.209169 0.200581 0.308197 0.207602 0.154971 0.190341 0.361702 0.274854 0.174286 0.135211 0.149296 0.114613 0.061281 0.133333 0.120344 0.174648 0.163380 0.164773 0.151685 0.160563 0.148459 0.067227 0.136872 0.072423 0.061453 0.054441 0.050139 0.050139 0.053672 0.061281 0.058496 0.069638 0.107246 0.105556 0.082840 0.060241 0.080692 0.053672 0.059322 0.059322 0.019231 0.013333 0.098592 0.086957 0.089172 0.113573 0.070796 0.074928 0.093023 0.089172 0.113573 0.070796 0.060694 0.028571 0.093484 0.101744 0.179941 0.070513 0.101744 0.179941 0.070513 0.050139 0.098592 0.086957 0.162722 0.064103 0.080460
1.688.10C.X:11598295-11598643 0.304094 0.134670 0.097421 0.048930 0.065903 0.057307 0.107246 0.100287 0.037249 0.128940 0.000000 0.054441 0.117479 0.057307 0.080229 0.051576 0.057307 0.097421 0.054441 0.063037 0.116618 0.071839 0.065903 0.060000 0.113703 0.132565 0.220588 0.460317 0.146132 0.246418 0.265896 0.174603 0.117479 0.140351 0.137931 0.135057 0.108883 0.126074 0.108883 0.108883 0.234604 0.345930 0.117479 0.233236 0.163324 0.177326 0.311475 0.263158 0.114035 0.154728 0.367781 0.245614 0.189112 0.100287 0.091691 0.097421 0.071633 0.075362 0.088825 0.088825 0.083095 0.083095 0.106017 0.111748 0.083095 0.068768 0.080229 0.048711 0.071633 0.097421 0.057307 0.048711 0.065903 0.063037 0.068768 0.045845 0.089855 0.063037 0.115385 0.093373 0.095101 0.042980 0.057307 0.057307 0.057692 0.060000 0.057307 0.072464 0.140127 0.114613 0.115044 0.112392 0.055233 0.140127 0.114613 0.115044 0.127168 0.028571 0.063037 0.087209 0.179941 0.141026 0.087209 0.179941 0.141026 0.060172 0.057307 0.072464 0.177515 0.134615 0.103448
1.688.10C.X:11598650-11599004 0.304094 0.076056 0.036620 0.021407 0.039437 0.022663 0.127536 0.059155 0.028249 0.115493 0.054441 0.000000 0.039437 0.030986 0.047887 0.022535 0.050704 0.045070 0.019718 0.030986 0.099125 0.103448 0.039437 0.020000 0.096210 0.178674 0.213235 0.317460 0.111111 0.174286 0.184971 0.149206 0.085960 0.160819 0.091954 0.097701 0.084986 0.142857 0.107649 0.068182 0.401760 0.220930 0.120000 0.329446 0.151862 0.229651 0.321311 0.216374 0.160819 0.150568 0.364742 0.225146 0.168571 0.087324 0.081690 0.094556 0.045070 0.133333 0.085960 0.098592 0.098592 0.088068 0.092958 0.090141 0.064789 0.070423 0.053521 0.050704 0.050704 0.057307 0.036620 0.030986 0.042373 0.042254 0.045070 0.047887 0.118841 0.030986 0.100592 0.051205 0.086455 0.042373 0.053672 0.053672 0.038462 0.033333 0.030986 0.078261 0.114650 0.059155 0.094395 0.103746 0.095930 0.114650 0.059155 0.094395 0.118497 0.044444 0.033994 0.093023 0.174041 0.089744 0.093023 0.174041 0.089744 0.039437 0.030986 0.078261 0.156805 0.083333 0.083333
1.688.10C.X:11599011-11599377 0.274854 0.056022 0.097765 0.051988 0.028169 0.031161 0.127536 0.021858 0.056497 0.019126 0.117479 0.039437 0.000000 0.033333 0.047354 0.033803 0.050139 0.115385 0.044444 0.033333 0.084548 0.089080 0.028169 0.005000 0.081633 0.164265 0.202206 0.349206 0.176638 0.248571 0.303468 0.152381 0.160458 0.154971 0.089080 0.103448 0.161473 0.200000 0.167139 0.159091 0.328446 0.343023 0.145714 0.306122 0.206304 0.188953 0.304918 0.207602 0.152047 0.190341 0.358663 0.283626 0.171429 0.132394 0.146479 0.120344 0.044568 0.133333 0.126074 0.177465 0.166197 0.164773 0.148876 0.157746 0.151261 0.070028 0.142458 0.055710 0.061453 0.037249 0.050139 0.125348 0.036723 0.105850 0.047354 0.052925 0.104348 0.033333 0.076923 0.045181 0.066282 0.036723 0.042373 0.042373 0.019231 0.010000 0.019718 0.084058 0.095541 0.110803 0.064897 0.060519 0.090116 0.095541 0.110803 0.064897 0.075145 0.025397 0.022663 0.104651 0.179941 0.076923 0.104651 0.179941 0.076923 0.119777 0.019718 0.084058 0.162722 0.070513 0.071839
1.688.10C.X:11599384-11599743 0.286550 0.056022 0.041899 0.018349 0.008451 0.022663 0.118841 0.058333 0.048023 0.100000 0.057307 0.030986 0.033333 0.000000 0.019499 0.014085 0.016713 0.019444 0.016667 0.005556 0.072886 0.077586 0.008451 0.010000 0.069971 0.152738 0.198529 0.317460 0.099715 0.174286 0.167630 0.146032 0.080229 0.152047 0.077586 0.094828 0.082153 0.131429 0.096317 0.062500 0.272727 0.348837 0.100000 0.309038 0.126074 0.209302 0.308197 0.198830 0.140351 0.107955 0.358663 0.204678 0.160000 0.061972 0.070423 0.074499 0.016713 0.121739 0.080229 0.087324 0.076056 0.088068 0.064607 0.070423 0.061625 0.044818 0.044693 0.033426 0.047486 0.040115 0.036212 0.036212 0.022599 0.036212 0.022284 0.030641 0.104348 0.011111 0.085799 0.027108 0.089337 0.028249 0.033898 0.033898 0.019231 0.013333 0.005634 0.075362 0.089172 0.055556 0.073746 0.083573 0.081395 0.089172 0.055556 0.073746 0.049133 0.028571 0.005666 0.090116 0.171091 0.070513 0.090116 0.171091 0.070513 0.038997 0.005634 0.075362 0.153846 0.064103 0.063218
1.688.10C.X:11599745-11600103 0.269006 0.072829 0.058659 0.039755 0.030986 0.039660 0.139130 0.072423 0.064972 0.058496 0.080229 0.047887 0.047354 0.019499 0.000000 0.036620 0.038997 0.027855 0.030641 0.019499 0.040816 0.089080 0.030986 0.020000 0.037901 0.172911 0.209559 0.285714 0.105413 0.162857 0.225434 0.168254 0.100287 0.172515 0.097701 0.114943 0.101983 0.134286 0.118980 0.082386 0.372434 0.191860 0.120000 0.236152 0.134670 0.191860 0.295082 0.219298 0.160819 0.130682 0.343465 0.298246 0.180000 0.084507 0.087324 0.094556 0.008357 0.142029 0.100287 0.104225 0.061972 0.105114 0.084270 0.087324 0.078431 0.067227 0.067039 0.050139 0.064246 0.028653 0.052925 0.052925 0.045198 0.058496 0.013928 0.047354 0.118841 0.025070 0.106509 0.051205 0.109510 0.045198 0.050847 0.050847 0.019231 0.036667 0.028169 0.069565 0.089172 0.069638 0.094395 0.103746 0.101744 0.089172 0.069638 0.094395 0.118497 0.050794 0.031161 0.110465 0.185841 0.070513 0.110465 0.185841 0.070513 0.055710 0.028169 0.069565 0.168639 0.064103 0.083333
1.688.10C.X:11600105-11600459 0.286550 0.064789 0.025352 0.009174 0.022535 0.014164 0.115942 0.059155 0.042373 0.107042 0.051576 0.022535 0.033803 0.014085 0.036620 0.000000 0.033803 0.033803 0.002817 0.019718 0.087464 0.091954 0.022535 0.015000 0.084548 0.167147 0.198529 0.317460 0.108262 0.180000 0.176301 0.130159 0.080229 0.154971 0.086207 0.091954 0.079320 0.134286 0.099150 0.062500 0.398827 0.354651 0.111429 0.323615 0.140401 0.223837 0.318033 0.207602 0.154971 0.136364 0.364742 0.222222 0.165714 0.078873 0.076056 0.088825 0.033803 0.127536 0.080229 0.092958 0.095775 0.088068 0.087324 0.084507 0.061972 0.064789 0.042254 0.050704 0.045070 0.054441 0.030986 0.030986 0.036723 0.030986 0.039437 0.047887 0.118841 0.025352 0.100592 0.042169 0.080692 0.042373 0.048023 0.048023 0.028846 0.030000 0.019718 0.072464 0.095541 0.053521 0.088496 0.097983 0.095930 0.095541 0.053521 0.088496 0.112717 0.044444 0.019830 0.087209 0.168142 0.076923 0.087209 0.168142 0.076923 0.033803 0.019718 0.072464 0.150888 0.070513 0.077586
1.688.10C.X:11600466-11600824 0.286550 0.075630 0.061453 0.039755 0.028169 0.036827 0.139130 0.055710 0.048023 0.061281 0.057307 0.050704 0.050139 0.016713 0.038997 0.033803 0.000000 0.036212 0.033426 0.022284 0.043732 0.097701 0.028169 0.035000 0.040816 0.164265 0.191176 0.317460 0.108262 0.194286 0.187861 0.168254 0.100287 0.157895 0.097701 0.114943 0.101983 0.134286 0.101983 0.082386 0.272727 0.343023 0.094286 0.206997 0.117479 0.188953 0.308197 0.216374 0.140351 0.127841 0.346505 0.219298 0.177143 0.081690 0.090141 0.094556 0.036212 0.121739 0.100287 0.087324 0.076056 0.088068 0.084270 0.090141 0.081232 0.064426 0.064246 0.033426 0.067039 0.060172 0.055710 0.055710 0.042373 0.055710 0.041783 0.030641 0.118841 0.027855 0.065089 0.045181 0.060519 0.028249 0.033898 0.033898 0.028846 0.036667 0.025352 0.069565 0.133758 0.072423 0.094395 0.054755 0.081395 0.133758 0.072423 0.094395 0.118497 0.028571 0.025496 0.110465 0.185841 0.115385 0.110465 0.185841 0.115385 0.058496 0.025352 0.069565 0.174556 0.108974 0.083333
1.688.10C.X:11600826-11601189 0.292398 0.056022 0.041899 0.021407 0.028169 0.036827 0.133333 0.137363 0.062147 0.118132 0.097421 0.045070 0.115385 0.019444 0.027855 0.033803 0.036212 0.000000 0.030556 0.019444 0.023324 0.071839 0.028169 0.010000 0.020408 0.146974 0.202206 0.365079 0.113960 0.240000 0.265896 0.149206 0.137536 0.160819 0.094828 0.152299 0.084986 0.171429 0.141643 0.079545 0.401760 0.197674 0.108571 0.306122 0.191977 0.171512 0.311475 0.207602 0.143275 0.150568 0.364742 0.269006 0.165714 0.107042 0.138028 0.088825 0.036212 0.118841 0.094556 0.149296 0.135211 0.142045 0.134831 0.138028 0.123249 0.050420 0.064246 0.047354 0.050279 0.100287 0.038997 0.038997 0.042373 0.052925 0.041783 0.044568 0.095652 0.025000 0.094675 0.048193 0.092219 0.042373 0.048023 0.048023 0.019231 0.016667 0.025352 0.089855 0.089172 0.055402 0.082596 0.086455 0.095930 0.089172 0.055402 0.082596 0.101156 0.031746 0.028329 0.107558 0.185841 0.070513 0.107558 0.185841 0.070513 0.036212 0.025352 0.089855 0.168639 0.064103 0.063218
1.688.10C.X:11601191-11601550 0.292398 0.067227 0.030726 0.009174 0.025352 0.011331 0.066667 0.069444 0.039548 0.111111 0.054441 0.019718 0.044444 0.016667 0.030641 0.002817 0.033426 0.030556 0.000000 0.016667 0.087464 0.091954 0.025352 0.015000 0.084548 0.167147 0.198529 0.285714 0.105413 0.162857 0.176301 0.130159 0.080229 0.154971 0.086207 0.091954 0.079320 0.134286 0.093484 0.062500 0.398827 0.354651 0.111429 0.323615 0.143266 0.223837 0.318033 0.207602 0.154971 0.125000 0.364742 0.222222 0.165714 0.073239 0.059155 0.088825 0.033426 0.127536 0.080229 0.076056 0.078873 0.085227 0.078652 0.067606 0.050420 0.061625 0.039106 0.044568 0.036313 0.054441 0.025070 0.025070 0.039548 0.030641 0.038997 0.041783 0.118841 0.022222 0.100592 0.045181 0.080692 0.039548 0.045198 0.045198 0.028846 0.030000 0.022535 0.072464 0.095541 0.050000 0.088496 0.097983 0.095930 0.095541 0.050000 0.088496 0.112717 0.044444 0.025496 0.087209 0.168142 0.076923 0.087209 0.168142 0.076923 0.027855 0.022535 0.072464 0.150888 0.070513 0.077586
1.688.10C.X:11601552-11601911 0.292398 0.056022 0.041899 0.021407 0.014085 0.022663 0.072464 0.058333 0.048023 0.100000 0.063037 0.030986 0.033333 0.005556 0.019499 0.019718 0.022284 0.019444 0.016667 0.000000 0.075802 0.080460 0.014085 0.015000 0.072886 0.155620 0.202206 0.285714 0.099715 0.174286 0.170520 0.149206 0.083095 0.154971 0.080460 0.097701 0.084986 0.134286 0.101983 0.065341 0.278592 0.351744 0.102857 0.311953 0.131805 0.209302 0.311475 0.201754 0.143275 0.113636 0.361702 0.207602 0.162857 0.067606 0.070423 0.077364 0.022284 0.124638 0.083095 0.087324 0.076056 0.088068 0.067416 0.070423 0.061625 0.050420 0.050279 0.033426 0.047486 0.042980 0.036212 0.036212 0.028249 0.041783 0.027855 0.030641 0.107246 0.011111 0.088757 0.033133 0.092219 0.028249 0.033898 0.033898 0.028846 0.016667 0.011268 0.078261 0.095541 0.055556 0.076696 0.086455 0.084302 0.095541 0.055556 0.076696 0.101156 0.031746 0.014164 0.093023 0.174041 0.076923 0.093023 0.174041 0.076923 0.038997 0.011268 0.078261 0.156805 0.070513 0.066092
1.688.10C.X:11601913-11602255 0.380117 0.064140 0.078717 0.064220 0.075802 0.099125 0.090379 0.107872 0.116618 0.072886 0.116618 0.099125 0.084548 0.072886 0.040816 0.087464 0.043732 0.023324 0.087464 0.075802 0.000000 0.064140 0.081633 0.015000 0.002915 0.142857 0.202206 0.539683 0.180758 0.256560 0.279883 0.165079 0.154519 0.160819 0.169096 0.172012 0.145773 0.189504 0.157434 0.142857 0.372434 0.309038 0.145773 0.303207 0.195335 0.206997 0.321311 0.201754 0.119883 0.172012 0.349544 0.365497 0.174927 0.116618 0.134111 0.099125 0.043732 0.116618 0.104956 0.166181 0.148688 0.154519 0.131195 0.145773 0.134111 0.102041 0.122449 0.055394 0.055394 0.104956 0.040816 0.040816 0.064140 0.087464 0.096210 0.052478 0.102041 0.081633 0.062130 0.138554 0.046647 0.064140 0.069971 0.069971 0.019231 0.030000 0.078717 0.087464 0.095541 0.102041 0.050147 0.040816 0.096210 0.095541 0.102041 0.050147 0.058309 0.044444 0.078717 0.099125 0.132743 0.076923 0.099125 0.132743 0.076923 0.034985 0.078717 0.087464 0.115385 0.070513 0.087464
1.688.10C.X:11602257-11602604 0.298246 0.054598 0.071839 0.048930 0.083333 0.103448 0.081159 0.112069 0.126437 0.083333 0.071839 0.103448 0.089080 0.077586 0.089080 0.091954 0.097701 0.071839 0.091954 0.080460 0.064140 0.000000 0.086207 0.020000 0.061224 0.077810 0.205882 0.428571 0.132184 0.209770 0.271676 0.152381 0.103448 0.111111 0.120690 0.120690 0.129310 0.143678 0.117816 0.094828 0.258065 0.188953 0.117816 0.285714 0.146552 0.159884 0.314754 0.178363 0.108187 0.135057 0.355623 0.239766 0.152299 0.077586 0.080460 0.074713 0.089080 0.075362 0.080460 0.112069 0.097701 0.103448 0.080460 0.091954 0.080460 0.048851 0.120690 0.112069 0.063218 0.068966 0.086207 0.086207 0.094828 0.089080 0.094828 0.109195 0.049275 0.086207 0.088757 0.072289 0.083573 0.106322 0.112069 0.112069 0.038462 0.020000 0.083333 0.055072 0.095541 0.100575 0.038348 0.077810 0.061047 0.095541 0.100575 0.038348 0.095376 0.034921 0.083333 0.069767 0.165192 0.083333 0.069767 0.165192 0.083333 0.080460 0.083333 0.055072 0.147929 0.076923 0.080460
1.688.10C.X:11602611-11602965 0.298246 0.059155 0.042254 0.027523 0.016901 0.031161 0.081159 0.056338 0.056497 0.101408 0.065903 0.039437 0.028169 0.008451 0.030986 0.022535 0.028169 0.028169 0.025352 0.014085 0.081633 0.086207 0.000000 0.015000 0.078717 0.161383 0.194853 0.317460 0.108262 0.200000 0.176301 0.155556 0.088825 0.160819 0.086207 0.103448 0.090652 0.137143 0.113314 0.071023 0.398827 0.345930 0.108571 0.306122 0.134670 0.168605 0.311475 0.207602 0.149123 0.127841 0.355623 0.213450 0.168571 0.078873 0.092958 0.083095 0.028169 0.130435 0.088825 0.109859 0.098592 0.096591 0.081690 0.092958 0.078873 0.059155 0.059155 0.045070 0.061972 0.048711 0.047887 0.047887 0.031073 0.047887 0.033803 0.042254 0.113043 0.019718 0.094675 0.036145 0.097983 0.036723 0.042373 0.042373 0.028846 0.023333 0.014085 0.084058 0.101911 0.064789 0.082596 0.092219 0.090116 0.101911 0.064789 0.082596 0.106936 0.038095 0.014164 0.098837 0.182891 0.076923 0.098837 0.182891 0.076923 0.050704 0.014085 0.084058 0.165680 0.070513 0.071839
1.688.10C.X:11602972-11603171 0.678363 0.060000 0.010000 0.010000 0.015000 0.010000 0.080000 0.045000 0.055000 0.010000 0.060000 0.020000 0.005000 0.010000 0.020000 0.015000 0.035000 0.010000 0.015000 0.015000 0.015000 0.020000 0.015000 0.000000 0.010000 0.125000 0.100000 0.619048 0.090000 0.120000 0.145000 0.125000 0.095000 0.120000 0.125000 0.115000 0.080000 0.100000 0.070000 0.050000 0.185000 0.075000 0.085000 0.145000 0.155000 0.095000 0.110000 0.135000 0.125000 0.095000 0.140000 0.205000 0.120000 0.005000 0.035000 0.005000 0.015000 0.065000 0.035000 0.065000 0.075000 0.070000 0.065000 0.035000 0.035000 0.015000 0.035000 0.040000 0.005000 0.025000 0.010000 0.010000 0.015000 0.005000 0.020000 0.040000 0.055000 0.015000 0.020000 0.160000 0.005000 0.040000 0.055000 0.055000 0.028846 0.090000 0.005000 0.010000 0.101911 0.010000 0.025000 0.010000 0.040000 0.101911 0.010000 0.025000 0.040000 0.040000 0.005000 0.040000 0.135000 0.083333 0.040000 0.135000 0.083333 0.005000 0.005000 0.010000 0.110000 0.076923 0.005000
1.688.10C.X:11603183-11603525 0.380117 0.061224 0.075802 0.061162 0.072886 0.096210 0.087464 0.104956 0.113703 0.069971 0.113703 0.096210 0.081633 0.069971 0.037901 0.084548 0.040816 0.020408 0.084548 0.072886 0.002915 0.061224 0.078717 0.010000 0.000000 0.139942 0.198529 0.539683 0.177843 0.253644 0.276968 0.161905 0.151603 0.157895 0.166181 0.169096 0.142857 0.186589 0.154519 0.139942 0.369501 0.306122 0.142857 0.303207 0.198251 0.204082 0.318033 0.198830 0.119883 0.169096 0.346505 0.362573 0.172012 0.113703 0.131195 0.096210 0.040816 0.113703 0.102041 0.163265 0.145773 0.151603 0.128280 0.142857 0.131195 0.099125 0.119534 0.052478 0.052478 0.102041 0.037901 0.037901 0.061224 0.084548 0.043732 0.049563 0.099125 0.078717 0.059172 0.135542 0.043732 0.061224 0.067055 0.067055 0.019231 0.026667 0.075802 0.084548 0.089172 0.099125 0.047198 0.037901 0.093294 0.089172 0.099125 0.047198 0.055394 0.041270 0.075802 0.102041 0.129794 0.070513 0.102041 0.129794 0.070513 0.032070 0.075802 0.084548 0.112426 0.064103 0.084548
1.688.10C.X:11603527-11603873 0.333333 0.149856 0.146974 0.131498 0.158501 0.178674 0.127536 0.172911 0.187320 0.158501 0.132565 0.178674 0.164265 0.152738 0.172911 0.167147 0.164265 0.146974 0.167147 0.155620 0.142857 0.077810 0.161383 0.125000 0.139942 0.000000 0.268382 0.428571 0.195965 0.305476 0.239884 0.193651 0.178674 0.166667 0.187320 0.195965 0.210375 0.190202 0.175793 0.138329 0.451613 0.392442 0.175793 0.250729 0.161383 0.203488 0.367213 0.178363 0.099415 0.175793 0.364742 0.277778 0.210375 0.121037 0.138329 0.121037 0.172911 0.139130 0.155620 0.112392 0.158501 0.152738 0.123919 0.155620 0.123919 0.092219 0.164265 0.170029 0.175793 0.181556 0.161383 0.161383 0.152738 0.164265 0.178674 0.167147 0.104348 0.161383 0.136095 0.195783 0.161383 0.167147 0.172911 0.172911 0.096154 0.110000 0.158501 0.133333 0.203822 0.175793 0.112094 0.155620 0.125000 0.203822 0.175793 0.112094 0.156069 0.104762 0.158501 0.148256 0.215339 0.147436 0.148256 0.215339 0.147436 0.155620 0.158501 0.133333 0.227811 0.141026 0.155620
1.688.10C.X:11603880-11604151 0.742690 0.224265 0.194853 0.194853 0.202206 0.209559 0.216912 0.216912 0.220588 0.198529 0.220588 0.213235 0.202206 0.198529 0.209559 0.198529 0.191176 0.202206 0.198529 0.202206 0.202206 0.205882 0.194853 0.100000 0.198529 0.268382 0.000000 0.603175 0.290441 0.330882 0.316176 0.272059 0.286765 0.286765 0.305147 0.305147 0.246324 0.261029 0.235294 0.257353 0.360294 0.308824 0.202206 0.275735 0.253676 0.283088 0.312500 0.294118 0.238971 0.235294 0.312500 0.330882 0.268382 0.238971 0.224265 0.209559 0.209559 0.242647 0.224265 0.216912 0.264706 0.220588 0.250000 0.227941 0.224265 0.213235 0.224265 0.202206 0.202206 0.216912 0.202206 0.202206 0.213235 0.198529 0.213235 0.202206 0.205882 0.209559 0.216912 0.275735 0.198529 0.202206 0.216912 0.216912 0.028846 0.257353 0.202206 0.198529 0.178344 0.198529 0.216912 0.205882 0.205882 0.178344 0.198529 0.216912 0.202206 0.202206 0.202206 0.220588 0.283088 0.153846 0.220588 0.283088 0.153846 0.198529 0.202206 0.198529 0.264706 0.147436 0.202206
1.688.10C.X:11604270-11604332 0.476190 0.412698 0.412698 0.603175 0.349206 0.301587 0.476190 0.349206 0.301587 0.333333 0.460317 0.317460 0.349206 0.317460 0.285714 0.317460 0.317460 0.365079 0.285714 0.285714 0.539683 0.428571 0.317460 0.619048 0.539683 0.428571 0.603175 0.000000 0.285714 0.349206 0.396825 0.619048 0.349206 0.428571 0.301587 0.349206 0.349206 0.412698 0.396825 0.301587 0.492063 0.444444 0.444444 0.571429 0.365079 0.412698 0.619048 0.476190 0.555556 0.396825 0.507937 0.396825 0.539683 0.396825 0.444444 0.460317 0.317460 0.507937 0.460317 0.333333 0.333333 0.380952 0.349206 0.412698 0.333333 0.428571 0.301587 0.238095 0.333333 0.444444 0.333333 0.333333 0.317460 0.396825 0.301587 0.285714 0.476190 0.285714 0.507937 0.333333 0.460317 0.301587 0.301587 0.301587 0.603175 0.603175 0.333333 0.492063 0.587302 0.301587 0.507937 0.507937 0.492063 0.587302 0.301587 0.507937 0.539683 0.619048 0.380952 0.492063 0.555556 0.603175 0.492063 0.555556 0.603175 0.365079 0.333333 0.492063 0.555556 0.603175 0.555556
1.688.10C.X:11604339-11604689 0.321637 0.148148 0.122507 0.128440 0.108262 0.111111 0.211594 0.190883 0.125356 0.182336 0.146132 0.111111 0.176638 0.099715 0.105413 0.108262 0.108262 0.113960 0.105413 0.099715 0.180758 0.132184 0.108262 0.090000 0.177843 0.195965 0.290441 0.285714 0.000000 0.242857 0.173410 0.250794 0.160458 0.207602 0.146552 0.158046 0.156695 0.188571 0.170940 0.133903 0.378299 0.226744 0.177143 0.300292 0.203438 0.267442 0.321311 0.239766 0.236842 0.225071 0.355623 0.271930 0.222857 0.122507 0.168091 0.177650 0.102564 0.188406 0.143266 0.176638 0.113960 0.153846 0.128205 0.125356 0.119658 0.145299 0.133903 0.113960 0.119658 0.123209 0.119658 0.116809 0.119658 0.122507 0.105413 0.111111 0.150725 0.099715 0.186391 0.135542 0.178674 0.108262 0.116809 0.116809 0.086538 0.120000 0.099715 0.173913 0.159236 0.116809 0.174041 0.178674 0.174419 0.159236 0.116809 0.174041 0.193642 0.123810 0.108262 0.183140 0.259587 0.147436 0.183140 0.259587 0.147436 0.125356 0.099715 0.173913 0.254438 0.141026 0.163793
1.688.10C.X:11604695-11605044 0.432749 0.277143 0.274286 0.189602 0.191429 0.182857 0.301449 0.217143 0.282857 0.245714 0.246418 0.174286 0.248571 0.174286 0.162857 0.180000 0.194286 0.240000 0.162857 0.174286 0.256560 0.209770 0.200000 0.120000 0.253644 0.305476 0.330882 0.349206 0.242857 0.000000 0.234104 0.298413 0.234957 0.266082 0.244253 0.209770 0.228571 0.251429 0.197143 0.225714 0.304985 0.206395 0.325714 0.297376 0.272206 0.229651 0.327869 0.248538 0.266082 0.200000 0.355623 0.280702 0.300000 0.168571 0.191429 0.212034 0.160000 0.255072 0.249284 0.197143 0.174286 0.297143 0.265714 0.214286 0.160000 0.182857 0.185714 0.194286 0.165714 0.191977 0.151429 0.145714 0.202857 0.171429 0.160000 0.191429 0.307246 0.174286 0.210059 0.379518 0.198847 0.202857 0.214286 0.214286 0.221154 0.200000 0.188571 0.211594 0.210191 0.234286 0.215339 0.216138 0.250000 0.210191 0.234286 0.215339 0.231214 0.219048 0.197143 0.247093 0.383481 0.160256 0.247093 0.383481 0.160256 0.162857 0.188571 0.211594 0.322485 0.153846 0.244253
1.688.10C.X:11605046-11605391 0.397661 0.236994 0.280347 0.250765 0.176301 0.184971 0.365217 0.297688 0.196532 0.283237 0.265896 0.184971 0.303468 0.167630 0.225434 0.176301 0.187861 0.265896 0.176301 0.170520 0.279883 0.271676 0.176301 0.145000 0.276968 0.239884 0.316176 0.396825 0.173410 0.234104 0.000000 0.247619 0.228324 0.248538 0.199422 0.236994 0.338150 0.210983 0.208092 0.161850 0.246334 0.270349 0.222543 0.265306 0.228324 0.229651 0.347541 0.219298 0.222222 0.196532 0.386018 0.263158 0.300578 0.153179 0.213873 0.210983 0.225434 0.223188 0.210983 0.213873 0.167630 0.196532 0.167630 0.205202 0.158960 0.184971 0.176301 0.182081 0.202312 0.167630 0.190751 0.187861 0.173410 0.190751 0.225434 0.179191 0.278261 0.176301 0.201183 0.250000 0.239884 0.179191 0.187861 0.187861 0.125000 0.213333 0.173410 0.263768 0.197452 0.283237 0.224189 0.239884 0.258721 0.197452 0.283237 0.224189 0.236994 0.234921 0.179191 0.241279 0.348083 0.185897 0.241279 0.348083 0.185897 0.199422 0.173410 0.263768 0.331361 0.179487 0.271676
1.688.10C.X:11605396-11605710 0.567251 0.165079 0.133333 0.136508 0.152381 0.149206 0.152381 0.177778 0.171429 0.149206 0.174603 0.149206 0.152381 0.146032 0.168254 0.130159 0.168254 0.149206 0.130159 0.149206 0.165079 0.152381 0.155556 0.125000 0.161905 0.193651 0.272059 0.619048 0.250794 0.298413 0.247619 0.000000 0.158730 0.193651 0.174603 0.180952 0.139683 0.193651 0.190476 0.155556 0.250794 0.377778 0.184127 0.304762 0.253968 0.212698 0.373770 0.260317 0.187302 0.222222 0.295238 0.380952 0.174603 0.168254 0.133333 0.155556 0.168254 0.168254 0.174603 0.180952 0.215873 0.180952 0.152381 0.187302 0.158730 0.155556 0.123810 0.184127 0.158730 0.184127 0.142857 0.142857 0.146032 0.139683 0.174603 0.184127 0.155556 0.155556 0.161905 0.231746 0.139683 0.177778 0.184127 0.184127 0.134615 0.173333 0.152381 0.149206 0.165605 0.152381 0.165079 0.158730 0.177778 0.165605 0.152381 0.165079 0.177778 0.180952 0.152381 0.133333 0.253968 0.115385 0.133333 0.253968 0.115385 0.136508 0.152381 0.149206 0.238095 0.108974 0.155556
1.688.10C.X:11605735-11606083 0.257310 0.111748 0.080229 0.097859 0.088825 0.085960 0.136232 0.183381 0.106017 0.080229 0.117479 0.085960 0.160458 0.080229 0.100287 0.080229 0.100287 0.137536 0.080229 0.083095 0.154519 0.103448 0.088825 0.095000 0.151603 0.178674 0.286765 0.349206 0.160458 0.234957 0.228324 0.158730 0.000000 0.131579 0.048851 0.048851 0.034384 0.146132 0.106017 0.063037 0.310850 0.258721 0.151862 0.265306 0.177650 0.206395 0.340984 0.257310 0.195906 0.180516 0.413374 0.207602 0.186246 0.094556 0.111748 0.154728 0.094556 0.101449 0.123209 0.131805 0.100287 0.123209 0.091691 0.103152 0.100287 0.103152 0.091691 0.108883 0.083095 0.111748 0.068768 0.068768 0.100287 0.080229 0.100287 0.106017 0.124638 0.083095 0.150888 0.123494 0.146974 0.103152 0.108883 0.108883 0.076923 0.096667 0.080229 0.127536 0.140127 0.088825 0.138643 0.155620 0.148256 0.140127 0.088825 0.138643 0.170520 0.107937 0.088825 0.125000 0.224189 0.121795 0.125000 0.224189 0.121795 0.068768 0.080229 0.127536 0.207101 0.115385 0.143678
1.688.10C.X:11606088-11606429 0.286550 0.184211 0.154971 0.134557 0.154971 0.160819 0.157895 0.175439 0.181287 0.149123 0.140351 0.160819 0.154971 0.152047 0.172515 0.154971 0.157895 0.160819 0.154971 0.154971 0.160819 0.111111 0.160819 0.120000 0.157895 0.166667 0.286765 0.428571 0.207602 0.266082 0.248538 0.193651 0.131579 0.000000 0.137427 0.131579 0.128655 0.175439 0.181287 0.154971 0.231672 0.239766 0.192982 0.277778 0.175439 0.225146 0.357377 0.213450 0.152047 0.213450 0.401216 0.216374 0.149123 0.160819 0.128655 0.160819 0.166667 0.134503 0.146199 0.201754 0.204678 0.152047 0.187135 0.137427 0.192982 0.131579 0.163743 0.178363 0.175439 0.190058 0.160819 0.160819 0.172515 0.149123 0.166667 0.175439 0.134503 0.152047 0.130178 0.216867 0.122807 0.172515 0.169591 0.169591 0.086538 0.120000 0.152047 0.131579 0.184713 0.154971 0.120944 0.128655 0.149123 0.184713 0.154971 0.120944 0.146199 0.126984 0.152047 0.131579 0.212389 0.141026 0.131579 0.212389 0.141026 0.152047 0.152047 0.131579 0.224852 0.134615 0.154971
1.688.10C.X:11606434-11606781 0.257310 0.100575 0.103448 0.113150 0.086207 0.091954 0.144928 0.198276 0.114943 0.169540 0.137931 0.091954 0.089080 0.077586 0.097701 0.086207 0.097701 0.094828 0.086207 0.080460 0.169096 0.120690 0.086207 0.125000 0.166181 0.187320 0.305147 0.301587 0.146552 0.244253 0.199422 0.174603 0.048851 0.137427 0.000000 0.068966 0.068966 0.166667 0.132184 0.077586 0.278592 0.273256 0.152299 0.256560 0.195402 0.209302 0.357377 0.245614 0.207602 0.192529 0.386018 0.219298 0.178161 0.103448 0.129310 0.160920 0.091954 0.133333 0.132184 0.166667 0.143678 0.126437 0.120690 0.100575 0.135057 0.123563 0.097701 0.106322 0.117816 0.126437 0.103448 0.103448 0.097701 0.106322 0.097701 0.103448 0.127536 0.080460 0.177515 0.105422 0.172911 0.100575 0.106322 0.106322 0.076923 0.116667 0.077586 0.127536 0.133758 0.117816 0.162242 0.172911 0.142442 0.133758 0.117816 0.162242 0.170520 0.126984 0.086207 0.122093 0.247788 0.121795 0.122093 0.247788 0.121795 0.106322 0.077586 0.127536 0.230769 0.115385 0.152299
1.688.10C.X:11606786-11607133 0.257310 0.126437 0.091954 0.113150 0.103448 0.094828 0.150725 0.198276 0.117816 0.094828 0.135057 0.097701 0.103448 0.094828 0.114943 0.091954 0.114943 0.152299 0.091954 0.097701 0.172012 0.120690 0.103448 0.115000 0.169096 0.195965 0.305147 0.349206 0.158046 0.209770 0.236994 0.180952 0.048851 0.131579 0.068966 0.000000 0.043103 0.155172 0.132184 0.089080 0.293255 0.252907 0.172414 0.282799 0.198276 0.218023 0.360656 0.274854 0.213450 0.163793 0.376900 0.201754 0.183908 0.097701 0.117816 0.169540 0.109195 0.130435 0.146552 0.143678 0.123563 0.132184 0.109195 0.117816 0.112069 0.117816 0.106322 0.123563 0.094828 0.126437 0.080460 0.080460 0.114943 0.091954 0.114943 0.120690 0.142029 0.097701 0.168639 0.141566 0.161383 0.117816 0.123563 0.123563 0.134615 0.096667 0.094828 0.139130 0.171975 0.097701 0.156342 0.172911 0.165698 0.171975 0.097701 0.156342 0.187861 0.126984 0.103448 0.139535 0.244838 0.160256 0.139535 0.244838 0.160256 0.080460 0.094828 0.139130 0.227811 0.153846 0.160920
1.688.10C.X:11607139-11607491 0.286550 0.113314 0.079320 0.085627 0.090652 0.084986 0.168116 0.116147 0.104816 0.164306 0.108883 0.084986 0.161473 0.082153 0.101983 0.079320 0.101983 0.084986 0.079320 0.084986 0.145773 0.129310 0.090652 0.080000 0.142857 0.210375 0.246324 0.349206 0.156695 0.228571 0.338150 0.139683 0.034384 0.128655 0.068966 0.043103 0.000000 0.120000 0.110482 0.062500 0.369501 0.395349 0.140000 0.256560 0.171920 0.226744 0.347541 0.312865 0.178363 0.176136 0.407295 0.195906 0.162857 0.104816 0.104816 0.146132 0.096317 0.139130 0.128940 0.130312 0.116147 0.105114 0.084986 0.116147 0.099150 0.104816 0.082153 0.110482 0.082153 0.103152 0.067989 0.067989 0.101983 0.079320 0.101983 0.107649 0.153623 0.084986 0.142012 0.111446 0.135447 0.104816 0.110482 0.110482 0.076923 0.086667 0.082153 0.121739 0.133758 0.090652 0.129794 0.146974 0.142442 0.133758 0.090652 0.129794 0.161850 0.098413 0.090652 0.107558 0.203540 0.121795 0.107558 0.203540 0.121795 0.067989 0.082153 0.121739 0.186391 0.115385 0.135057
1.688.10C.X:11607496-11607845 0.456140 0.191429 0.168571 0.134557 0.140000 0.140000 0.182609 0.185714 0.131429 0.202857 0.126074 0.142857 0.200000 0.131429 0.134286 0.134286 0.134286 0.171429 0.134286 0.134286 0.189504 0.143678 0.137143 0.100000 0.186589 0.190202 0.261029 0.412698 0.188571 0.251429 0.210983 0.193651 0.146132 0.175439 0.166667 0.155172 0.120000 0.000000 0.168571 0.151429 0.219941 0.232558 0.177143 0.233236 0.212034 0.183140 0.301639 0.201754 0.166667 0.160000 0.370821 0.260234 0.211429 0.134286 0.111429 0.143266 0.128571 0.144928 0.157593 0.137143 0.134286 0.137143 0.154286 0.177143 0.148571 0.125714 0.145714 0.122857 0.148571 0.148997 0.134286 0.134286 0.117143 0.148571 0.134286 0.120000 0.165217 0.134286 0.171598 0.177711 0.170029 0.122857 0.128571 0.128571 0.076923 0.140000 0.131429 0.142029 0.171975 0.194286 0.182891 0.175793 0.130814 0.171975 0.194286 0.182891 0.190751 0.114286 0.140000 0.168605 0.262537 0.160256 0.168605 0.262537 0.160256 0.137143 0.131429 0.142029 0.260355 0.153846 0.169540
