6
1.688.11B.X:12755430-12755678 0.000000 0.172691 0.208835 0.092369 0.232932 0.385542
1.688.11B.X:12755681-12756045 0.172691 0.000000 0.083851 0.102493 0.079755 0.320334
1.688.11B.X:12756070-12756391 0.208835 0.083851 0.000000 0.068323 0.093168 0.242236
1.688.11B.X:12756425-12756785 0.092369 0.102493 0.068323 0.000000 0.052147 0.300836
1.688.11B.X:12756788-12757113 0.232932 0.079755 0.093168 0.052147 0.000000 0.226994
1.688.11B.X:12757477-12757835 0.385542 0.320334 0.242236 0.300836 0.226994 0.000000
