9
1.688.12F.X:14544715-14545051 0.000000 0.186944 0.213650 0.126623 0.148368 0.186944 0.175074 0.303406 0.403941
1.688.12F.X:14545058-14545405 0.186944 0.000000 0.123563 0.126623 0.183908 0.135057 0.136232 0.083591 0.349754
1.688.12F.X:14545406-14545765 0.213650 0.123563 0.000000 0.129870 0.091691 0.078873 0.142029 0.099071 0.251232
1.688.12F.X:14545975-14546282 0.126623 0.126623 0.129870 0.000000 0.110390 0.100649 0.074675 0.230519 0.561576
1.688.12F.X:14546290-14546638 0.148368 0.183908 0.091691 0.110390 0.000000 0.068768 0.136232 0.185759 0.266010
1.688.12F.X:14546646-14547000 0.186944 0.135057 0.078873 0.100649 0.068768 0.000000 0.115942 0.092879 0.261084
1.688.12F.X:14547001-14547345 0.175074 0.136232 0.142029 0.074675 0.136232 0.115942 0.000000 0.164087 0.339901
1.688.12F.X:14547353-14547675 0.303406 0.083591 0.099071 0.230519 0.185759 0.092879 0.164087 0.000000 0.330049
1.688.12F.X:14547676-14547878 0.403941 0.349754 0.251232 0.561576 0.266010 0.261084 0.339901 0.330049 0.000000
