77
1.688.7F.X:8476374-8476491 0.000000 0.025424 0.000000 0.008475 0.016949 0.025424 0.025424 0.016949 0.059322 0.000000 0.000000 0.000000 0.008475 0.008475 0.067797 0.000000 0.000000 0.000000 0.033898 0.050847 0.220339 0.169492 0.228814 0.186441 0.271186 0.228814 0.271186 0.177966 0.220339 0.220339 0.169492 0.245763 0.101695 0.296610 0.093220 0.186441 0.262712 0.144068 0.635593 0.155844 0.101695 0.101695 0.059322 0.144068 0.076271 0.279661 0.059322 0.144068 0.101695 0.110169 0.194915 0.127119 0.177966 0.050847 0.067797 0.152542 0.203390 0.101695 0.067797 0.067797 0.279661 0.084746 0.050847 0.050847 0.279661 0.067797 0.067797 0.279661 0.084746 0.050847 0.050847 0.279661 0.084746 0.093220 0.050847 0.279661 0.683761
1.688.7F.X:8476492-8476852 0.025424 0.000000 0.013850 0.022161 0.030471 0.005540 0.033241 0.016620 0.036212 0.041783 0.019391 0.033333 0.022161 0.036111 0.084270 0.013850 0.019391 0.019391 0.069832 0.061453 0.083565 0.101695 0.103933 0.101695 0.184211 0.124294 0.144476 0.095506 0.121469 0.118644 0.075419 0.100000 0.185185 0.118497 0.058333 0.095238 0.104520 0.330556 0.058036 0.181818 0.108333 0.088643 0.063712 0.094708 0.080780 0.071217 0.108939 0.086351 0.097493 0.106145 0.146479 0.080780 0.142045 0.060942 0.097493 0.075209 0.140805 0.072222 0.069252 0.083102 0.071217 0.077778 0.072222 0.049861 0.133136 0.069252 0.069252 0.071217 0.077778 0.058172 0.049861 0.133136 0.063712 0.069444 0.049861 0.098551 0.401709
1.688.7F.X:8476853-8477213 0.000000 0.013850 0.000000 0.013850 0.022161 0.019391 0.013850 0.008310 0.022284 0.027855 0.005540 0.019444 0.008310 0.022222 0.067416 0.000000 0.005540 0.005540 0.058659 0.047486 0.072423 0.090395 0.092697 0.087571 0.172515 0.112994 0.135977 0.084270 0.110169 0.107345 0.064246 0.091429 0.173789 0.109827 0.044444 0.081232 0.096045 0.316667 0.044643 0.155844 0.094444 0.074792 0.049861 0.080780 0.077994 0.056380 0.094972 0.075209 0.086351 0.092179 0.135211 0.077994 0.133523 0.047091 0.083565 0.061281 0.132184 0.061111 0.055402 0.069252 0.056380 0.075000 0.058333 0.036011 0.121302 0.055402 0.055402 0.056380 0.075000 0.044321 0.036011 0.121302 0.060942 0.055556 0.036011 0.084058 0.401709
1.688.7F.X:8477214-8477574 0.008475 0.022161 0.013850 0.000000 0.013850 0.022161 0.027701 0.016620 0.030641 0.041783 0.019391 0.033333 0.022161 0.036111 0.081461 0.013850 0.019391 0.019391 0.072626 0.061453 0.086351 0.098870 0.101124 0.098870 0.178363 0.121469 0.141643 0.092697 0.118644 0.115819 0.072626 0.097143 0.182336 0.115607 0.055556 0.092437 0.101695 0.325000 0.053571 0.168831 0.105556 0.085873 0.060942 0.091922 0.077994 0.068249 0.103352 0.083565 0.094708 0.103352 0.146479 0.077994 0.139205 0.058172 0.094708 0.072423 0.137931 0.072222 0.066482 0.080332 0.068249 0.075000 0.069444 0.047091 0.127219 0.066482 0.066482 0.068249 0.075000 0.055402 0.047091 0.127219 0.060942 0.066667 0.047091 0.095652 0.393162
1.688.7F.X:8477575-8477935 0.016949 0.030471 0.022161 0.013850 0.000000 0.030471 0.024931 0.019391 0.038997 0.050139 0.024931 0.033333 0.027701 0.036111 0.087079 0.022161 0.024931 0.024931 0.072626 0.061453 0.094708 0.107345 0.109551 0.107345 0.181287 0.129944 0.147309 0.101124 0.127119 0.124294 0.081006 0.105714 0.188034 0.124277 0.063889 0.100840 0.110169 0.336111 0.062500 0.181818 0.111111 0.091413 0.072022 0.100279 0.086351 0.121662 0.111732 0.089136 0.100279 0.114525 0.154930 0.086351 0.147727 0.069252 0.103064 0.080780 0.146552 0.083333 0.074792 0.088643 0.121662 0.083333 0.080556 0.055402 0.136095 0.074792 0.074792 0.121662 0.083333 0.066482 0.055402 0.136095 0.069252 0.077778 0.055402 0.104348 0.393162
1.688.7F.X:8477936-8478296 0.025424 0.005540 0.019391 0.022161 0.030471 0.000000 0.038781 0.022161 0.030641 0.047354 0.024931 0.038889 0.027701 0.041667 0.089888 0.019391 0.024931 0.024931 0.075419 0.067039 0.089136 0.101695 0.103933 0.101695 0.184211 0.124294 0.144476 0.095506 0.121469 0.118644 0.075419 0.100000 0.182336 0.118497 0.058333 0.095238 0.104520 0.330556 0.058036 0.181818 0.108333 0.088643 0.063712 0.097493 0.083565 0.071217 0.106145 0.086351 0.097493 0.106145 0.149296 0.083565 0.139205 0.060942 0.097493 0.075209 0.140805 0.072222 0.069252 0.083102 0.071217 0.077778 0.072222 0.049861 0.133136 0.069252 0.069252 0.071217 0.077778 0.058172 0.049861 0.133136 0.063712 0.069444 0.049861 0.098551 0.384615
1.688.7F.X:8478297-8478657 0.025424 0.033241 0.013850 0.027701 0.024931 0.038781 0.000000 0.022161 0.036212 0.041783 0.016620 0.025000 0.019391 0.027778 0.075843 0.013850 0.016620 0.016620 0.064246 0.053073 0.080780 0.107345 0.109551 0.104520 0.184211 0.129944 0.150142 0.101124 0.127119 0.124294 0.078212 0.108571 0.188034 0.127168 0.061111 0.098039 0.110169 0.336111 0.053571 0.207792 0.108333 0.088643 0.069252 0.097493 0.094708 0.124629 0.108939 0.089136 0.100279 0.111732 0.152113 0.094708 0.150568 0.066482 0.100279 0.077994 0.100575 0.077778 0.072022 0.085873 0.124629 0.091667 0.077778 0.052632 0.139053 0.072022 0.072022 0.124629 0.091667 0.063712 0.052632 0.139053 0.077562 0.075000 0.052632 0.101449 0.401709
1.688.7F.X:8478658-8479018 0.016949 0.016620 0.008310 0.016620 0.019391 0.022161 0.022161 0.000000 0.030641 0.036212 0.013850 0.027778 0.016620 0.030556 0.073034 0.008310 0.013850 0.013850 0.067039 0.055866 0.080780 0.098870 0.101124 0.098870 0.175439 0.121469 0.141643 0.092697 0.118644 0.115819 0.072626 0.097143 0.185185 0.115607 0.055556 0.092437 0.101695 0.327778 0.049107 0.181818 0.108333 0.088643 0.060942 0.091922 0.077994 0.065282 0.111732 0.086351 0.097493 0.103352 0.146479 0.077994 0.139205 0.058172 0.094708 0.072423 0.137931 0.072222 0.066482 0.080332 0.065282 0.075000 0.069444 0.047091 0.124260 0.066482 0.066482 0.065282 0.075000 0.055402 0.047091 0.124260 0.060942 0.066667 0.047091 0.095652 0.401709
1.688.7F.X:8479019-8479377 0.059322 0.036212 0.022284 0.030641 0.038997 0.030641 0.036212 0.030641 0.000000 0.055710 0.027855 0.044568 0.030641 0.047354 0.095506 0.022284 0.027855 0.027855 0.086592 0.075419 0.083565 0.112994 0.098315 0.093220 0.172515 0.129944 0.135977 0.106742 0.115819 0.112994 0.086592 0.097143 0.193732 0.112717 0.064067 0.086835 0.090395 0.320334 0.049107 0.246753 0.114206 0.091922 0.066852 0.077994 0.103064 0.109792 0.114525 0.097493 0.108635 0.114525 0.132394 0.103064 0.127841 0.064067 0.105850 0.064067 0.129310 0.080780 0.072423 0.086351 0.109792 0.094708 0.077994 0.052925 0.124260 0.072423 0.072423 0.109792 0.094708 0.061281 0.052925 0.124260 0.077994 0.075209 0.052925 0.095652 0.384615
1.688.7F.X:8479378-8479736 0.000000 0.041783 0.027855 0.041783 0.050139 0.047354 0.041783 0.036212 0.055710 0.000000 0.033426 0.050139 0.036212 0.052925 0.053371 0.027855 0.033426 0.033426 0.075419 0.050279 0.105850 0.124294 0.123596 0.121469 0.207602 0.115819 0.138810 0.117978 0.112994 0.110169 0.094972 0.125714 0.165242 0.141618 0.072423 0.112045 0.124294 0.323120 0.093750 0.155844 0.100279 0.100279 0.075209 0.111421 0.108635 0.139466 0.125698 0.105850 0.116992 0.100559 0.107042 0.086351 0.164773 0.072423 0.114206 0.091922 0.163793 0.089136 0.080780 0.094708 0.139466 0.103064 0.064067 0.061281 0.153846 0.080780 0.080780 0.139466 0.080780 0.069638 0.061281 0.153846 0.086351 0.083565 0.061281 0.246377 0.401709
1.688.7F.X:8479737-8480097 0.000000 0.019391 0.005540 0.019391 0.024931 0.024931 0.016620 0.013850 0.027855 0.033426 0.000000 0.019444 0.002770 0.022222 0.073034 0.005540 0.000000 0.000000 0.053073 0.047486 0.077994 0.096045 0.098315 0.093220 0.175439 0.118644 0.141643 0.089888 0.115819 0.112994 0.069832 0.097143 0.173789 0.115607 0.050000 0.086835 0.101695 0.319444 0.053571 0.155844 0.097222 0.077562 0.052632 0.086351 0.083565 0.059347 0.097765 0.077994 0.089136 0.094972 0.140845 0.083565 0.139205 0.049861 0.089136 0.066852 0.137931 0.063889 0.060942 0.074792 0.059347 0.080556 0.061111 0.041551 0.124260 0.060942 0.060942 0.059347 0.080556 0.047091 0.041551 0.124260 0.066482 0.058333 0.041551 0.089855 0.401709
1.688.7F.X:8480098-8480457 0.000000 0.033333 0.019444 0.033333 0.033333 0.038889 0.025000 0.027778 0.044568 0.050139 0.019444 0.000000 0.022222 0.002778 0.089888 0.019444 0.019444 0.019444 0.044693 0.027933 0.089136 0.112994 0.115169 0.110169 0.192982 0.135593 0.127479 0.106742 0.132768 0.129944 0.086592 0.114286 0.176638 0.130058 0.066667 0.103641 0.112994 0.325000 0.080357 0.155844 0.111111 0.088889 0.069444 0.103064 0.100279 0.080119 0.111732 0.091922 0.103064 0.114525 0.157746 0.100279 0.156250 0.066667 0.105850 0.083565 0.140805 0.083333 0.075000 0.088889 0.080119 0.097222 0.080556 0.055556 0.144970 0.075000 0.075000 0.080119 0.097222 0.063889 0.055556 0.144970 0.080556 0.077778 0.055556 0.107246 0.401709
1.688.7F.X:8480458-8480818 0.008475 0.022161 0.008310 0.022161 0.027701 0.027701 0.019391 0.016620 0.030641 0.036212 0.002770 0.022222 0.000000 0.025000 0.075843 0.008310 0.002770 0.002770 0.055866 0.047486 0.080780 0.098870 0.101124 0.096045 0.178363 0.121469 0.144476 0.092697 0.118644 0.115819 0.072626 0.100000 0.176638 0.118497 0.052778 0.089636 0.104520 0.322222 0.053571 0.155844 0.100000 0.080332 0.055402 0.089136 0.086351 0.062315 0.100559 0.080780 0.091922 0.097765 0.143662 0.086351 0.142045 0.052632 0.091922 0.069638 0.140805 0.066667 0.063712 0.077562 0.062315 0.083333 0.063889 0.044321 0.127219 0.063712 0.063712 0.062315 0.083333 0.049861 0.044321 0.127219 0.069252 0.061111 0.044321 0.092754 0.401709
1.688.7F.X:8480819-8481178 0.008475 0.036111 0.022222 0.036111 0.036111 0.041667 0.027778 0.030556 0.047354 0.052925 0.022222 0.002778 0.025000 0.000000 0.092697 0.022222 0.022222 0.022222 0.047486 0.027933 0.091922 0.115819 0.117978 0.112994 0.195906 0.138418 0.130312 0.109551 0.135593 0.132768 0.089385 0.117143 0.179487 0.132948 0.069444 0.106443 0.115819 0.327778 0.080357 0.155844 0.113889 0.091667 0.072222 0.105850 0.105850 0.083086 0.114525 0.094708 0.105850 0.117318 0.160563 0.105850 0.159091 0.069444 0.108635 0.086351 0.143678 0.086111 0.077778 0.091667 0.083086 0.100000 0.083333 0.058333 0.147929 0.077778 0.077778 0.083086 0.100000 0.066667 0.058333 0.147929 0.083333 0.080556 0.058333 0.110145 0.401709
1.688.7F.X:8481179-8481534 0.067797 0.084270 0.067416 0.081461 0.087079 0.089888 0.075843 0.073034 0.095506 0.053371 0.073034 0.089888 0.075843 0.092697 0.000000 0.067416 0.073034 0.073034 0.126404 0.092697 0.120787 0.146893 0.148876 0.144068 0.230994 0.149718 0.141643 0.140449 0.135593 0.132768 0.112360 0.160000 0.196581 0.176301 0.089888 0.134831 0.144068 0.334270 0.138393 0.142857 0.160112 0.143258 0.120787 0.154494 0.151685 0.169139 0.171348 0.123596 0.157303 0.132022 0.174648 0.146067 0.184659 0.117978 0.160112 0.120787 0.212644 0.123596 0.126404 0.140449 0.169139 0.148876 0.123596 0.106742 0.183432 0.126404 0.126404 0.169139 0.140449 0.115169 0.106742 0.183432 0.132022 0.101124 0.106742 0.228986 0.418803
1.688.7F.X:8481535-8481895 0.000000 0.013850 0.000000 0.013850 0.022161 0.019391 0.013850 0.008310 0.022284 0.027855 0.005540 0.019444 0.008310 0.022222 0.067416 0.000000 0.005540 0.005540 0.058659 0.047486 0.072423 0.090395 0.092697 0.087571 0.172515 0.112994 0.135977 0.084270 0.110169 0.107345 0.064246 0.091429 0.173789 0.109827 0.044444 0.081232 0.096045 0.316667 0.044643 0.155844 0.094444 0.074792 0.049861 0.080780 0.077994 0.056380 0.094972 0.075209 0.086351 0.092179 0.135211 0.077994 0.133523 0.047091 0.083565 0.061281 0.132184 0.061111 0.055402 0.069252 0.056380 0.075000 0.058333 0.036011 0.121302 0.055402 0.055402 0.056380 0.075000 0.044321 0.036011 0.121302 0.060942 0.055556 0.036011 0.084058 0.401709
1.688.7F.X:8481896-8482256 0.000000 0.019391 0.005540 0.019391 0.024931 0.024931 0.016620 0.013850 0.027855 0.033426 0.000000 0.019444 0.002770 0.022222 0.073034 0.005540 0.000000 0.000000 0.053073 0.047486 0.077994 0.096045 0.098315 0.093220 0.175439 0.118644 0.141643 0.089888 0.115819 0.112994 0.069832 0.097143 0.173789 0.115607 0.050000 0.086835 0.101695 0.319444 0.053571 0.155844 0.097222 0.077562 0.052632 0.086351 0.083565 0.059347 0.097765 0.077994 0.089136 0.094972 0.140845 0.083565 0.139205 0.049861 0.089136 0.066852 0.137931 0.063889 0.060942 0.074792 0.059347 0.080556 0.061111 0.041551 0.124260 0.060942 0.060942 0.059347 0.080556 0.047091 0.041551 0.124260 0.066482 0.058333 0.041551 0.089855 0.401709
1.688.7F.X:8482257-8482617 0.000000 0.019391 0.005540 0.019391 0.024931 0.024931 0.016620 0.013850 0.027855 0.033426 0.000000 0.019444 0.002770 0.022222 0.073034 0.005540 0.000000 0.000000 0.053073 0.047486 0.077994 0.096045 0.098315 0.093220 0.175439 0.118644 0.141643 0.089888 0.115819 0.112994 0.069832 0.097143 0.173789 0.115607 0.050000 0.086835 0.101695 0.319444 0.053571 0.155844 0.097222 0.077562 0.052632 0.086351 0.083565 0.059347 0.097765 0.077994 0.089136 0.094972 0.140845 0.083565 0.139205 0.049861 0.089136 0.066852 0.137931 0.063889 0.060942 0.074792 0.059347 0.080556 0.061111 0.041551 0.124260 0.060942 0.060942 0.059347 0.080556 0.047091 0.041551 0.124260 0.066482 0.058333 0.041551 0.089855 0.401709
1.688.7F.X:8482618-8482975 0.033898 0.069832 0.058659 0.072626 0.072626 0.075419 0.064246 0.067039 0.086592 0.075419 0.053073 0.044693 0.055866 0.047486 0.126404 0.058659 0.053073 0.053073 0.000000 0.078212 0.131285 0.121469 0.123596 0.124294 0.195906 0.138418 0.169972 0.115169 0.135593 0.132768 0.122905 0.128571 0.190883 0.132948 0.103352 0.117647 0.115819 0.312849 0.084821 0.181818 0.094972 0.114525 0.100559 0.142458 0.111732 0.157270 0.148045 0.120112 0.131285 0.134078 0.163380 0.111732 0.190341 0.097765 0.145251 0.120112 0.172414 0.114525 0.111732 0.117318 0.157270 0.111732 0.094972 0.092179 0.159763 0.111732 0.111732 0.157270 0.114525 0.094972 0.092179 0.159763 0.117318 0.108939 0.092179 0.260870 0.384615
1.688.7F.X:8482976-8483333 0.050847 0.061453 0.047486 0.061453 0.061453 0.067039 0.053073 0.055866 0.075419 0.050279 0.047486 0.027933 0.047486 0.027933 0.092697 0.047486 0.047486 0.047486 0.078212 0.000000 0.120112 0.146893 0.146067 0.129944 0.213450 0.124294 0.110482 0.140449 0.135593 0.132768 0.117318 0.134286 0.236467 0.164740 0.092179 0.134454 0.146893 0.357542 0.102679 0.155844 0.131285 0.100559 0.094972 0.131285 0.125698 0.163205 0.142458 0.120112 0.131285 0.117318 0.160563 0.125698 0.181818 0.092179 0.134078 0.111732 0.172414 0.108939 0.100559 0.114525 0.163205 0.122905 0.106145 0.081006 0.177515 0.100559 0.100559 0.163205 0.122905 0.089385 0.081006 0.177515 0.106145 0.103352 0.081006 0.130435 0.401709
1.688.7F.X:8483334-8483692 0.220339 0.083565 0.072423 0.086351 0.094708 0.089136 0.080780 0.080780 0.083565 0.105850 0.077994 0.089136 0.080780 0.091922 0.120787 0.072423 0.077994 0.077994 0.131285 0.120112 0.000000 0.079096 0.044944 0.084746 0.175439 0.093220 0.079320 0.067416 0.062147 0.064972 0.053073 0.091429 0.219373 0.115607 0.064067 0.061625 0.056497 0.306407 0.044643 0.090909 0.139276 0.111421 0.091922 0.100279 0.122563 0.124629 0.136872 0.069638 0.103064 0.139665 0.149296 0.103064 0.133523 0.089136 0.128134 0.066852 0.140805 0.105850 0.094708 0.108635 0.124629 0.114206 0.103064 0.077994 0.139053 0.094708 0.094708 0.124629 0.114206 0.086351 0.077994 0.139053 0.097493 0.075209 0.077994 0.095652 0.401709
1.688.7F.X:8483693-8484046 0.169492 0.101695 0.090395 0.098870 0.107345 0.101695 0.107345 0.098870 0.112994 0.124294 0.096045 0.112994 0.098870 0.115819 0.146893 0.090395 0.096045 0.096045 0.121469 0.146893 0.079096 0.000000 0.050847 0.087571 0.078947 0.076271 0.099150 0.031073 0.048023 0.048023 0.062147 0.060000 0.230769 0.115607 0.090395 0.064972 0.064972 0.313559 0.058036 0.090909 0.127119 0.129944 0.107345 0.135593 0.101695 0.163205 0.158192 0.096045 0.104520 0.144068 0.177966 0.118644 0.133523 0.104520 0.138418 0.104520 0.186782 0.107345 0.112994 0.127119 0.163205 0.110169 0.118644 0.093220 0.165680 0.112994 0.112994 0.163205 0.132768 0.101695 0.093220 0.165680 0.115819 0.101695 0.093220 0.162319 0.418803
1.688.7F.X:8484047-8484402 0.228814 0.103933 0.092697 0.101124 0.109551 0.103933 0.109551 0.101124 0.098315 0.123596 0.098315 0.115169 0.101124 0.117978 0.148876 0.092697 0.098315 0.098315 0.123596 0.146067 0.044944 0.050847 0.000000 0.059322 0.157895 0.059322 0.079320 0.033708 0.031073 0.033898 0.030899 0.068571 0.199430 0.092486 0.056180 0.014045 0.022599 0.283708 0.000000 0.090909 0.103933 0.103933 0.084270 0.092697 0.087079 0.124629 0.129213 0.061798 0.095506 0.134831 0.132394 0.095506 0.088068 0.081461 0.120787 0.058989 0.140805 0.084270 0.087079 0.101124 0.124629 0.084270 0.095506 0.070225 0.127219 0.087079 0.087079 0.124629 0.106742 0.078652 0.070225 0.127219 0.089888 0.067416 0.070225 0.084058 0.367521
1.688.7F.X:8484403-8484756 0.186441 0.101695 0.087571 0.098870 0.107345 0.101695 0.104520 0.098870 0.093220 0.121469 0.093220 0.110169 0.096045 0.112994 0.144068 0.087571 0.093220 0.093220 0.124294 0.129944 0.084746 0.087571 0.059322 0.000000 0.064327 0.081921 0.118980 0.070621 0.073446 0.070621 0.090395 0.060000 0.207977 0.118497 0.062147 0.042373 0.079096 0.274011 0.044643 0.155844 0.110169 0.115819 0.090395 0.101695 0.093220 0.091988 0.138418 0.098870 0.135593 0.135593 0.149718 0.121469 0.099432 0.087571 0.129944 0.079096 0.172414 0.104520 0.096045 0.110169 0.091988 0.093220 0.101695 0.076271 0.103550 0.096045 0.096045 0.091988 0.115819 0.084746 0.076271 0.103550 0.098870 0.073446 0.076271 0.098551 0.435897
1.688.7F.X:8484757-8485098 0.271186 0.184211 0.172515 0.178363 0.181287 0.184211 0.184211 0.175439 0.172515 0.207602 0.175439 0.192982 0.178363 0.195906 0.230994 0.172515 0.175439 0.175439 0.195906 0.213450 0.175439 0.078947 0.157895 0.064327 0.000000 0.152047 0.190058 0.078947 0.157895 0.157895 0.178363 0.119883 0.315789 0.140351 0.093567 0.157895 0.146199 0.315789 0.062500 0.298701 0.213450 0.131579 0.192982 0.131579 0.184211 0.178042 0.230994 0.204678 0.204678 0.149123 0.242690 0.210526 0.204678 0.108187 0.210526 0.178363 0.134503 0.125731 0.184211 0.198830 0.178042 0.178363 0.204678 0.178363 0.180473 0.184211 0.184211 0.178042 0.201754 0.187135 0.178363 0.180473 0.184211 0.105263 0.178363 0.207602 0.418803
1.688.7F.X:8485099-8485452 0.228814 0.124294 0.112994 0.121469 0.129944 0.124294 0.129944 0.121469 0.129944 0.115819 0.118644 0.135593 0.121469 0.138418 0.149718 0.112994 0.118644 0.118644 0.138418 0.124294 0.093220 0.076271 0.059322 0.081921 0.152047 0.000000 0.076487 0.042373 0.031073 0.033898 0.073446 0.062857 0.207977 0.118497 0.098870 0.073446 0.081921 0.324859 0.053571 0.077922 0.135593 0.135593 0.115819 0.138418 0.110169 0.178042 0.163842 0.104520 0.127119 0.161017 0.152542 0.127119 0.139205 0.112994 0.144068 0.087571 0.192529 0.115819 0.118644 0.132768 0.178042 0.115819 0.127119 0.101695 0.180473 0.118644 0.118644 0.178042 0.138418 0.110169 0.101695 0.180473 0.121469 0.110169 0.101695 0.104348 0.418803
1.688.7F.X:8485453-8485805 0.271186 0.144476 0.135977 0.141643 0.147309 0.144476 0.150142 0.141643 0.135977 0.138810 0.141643 0.127479 0.144476 0.130312 0.141643 0.135977 0.141643 0.141643 0.169972 0.110482 0.079320 0.099150 0.079320 0.118980 0.190058 0.076487 0.000000 0.104816 0.076487 0.082153 0.079320 0.125714 0.205128 0.156069 0.104816 0.093484 0.101983 0.337110 0.111607 0.090909 0.226629 0.195467 0.144476 0.138810 0.172805 0.189911 0.181303 0.104816 0.116147 0.169972 0.152975 0.144476 0.144886 0.141643 0.178470 0.110482 0.181034 0.133144 0.144476 0.158640 0.189911 0.161473 0.155807 0.130312 0.207101 0.144476 0.144476 0.189911 0.161473 0.138810 0.130312 0.207101 0.144476 0.116147 0.130312 0.142029 0.367521
1.688.7F.X:8485806-8486161 0.177966 0.095506 0.084270 0.092697 0.101124 0.095506 0.101124 0.092697 0.106742 0.117978 0.089888 0.106742 0.092697 0.109551 0.140449 0.084270 0.089888 0.089888 0.115169 0.140449 0.067416 0.031073 0.033708 0.070621 0.078947 0.042373 0.104816 0.000000 0.031073 0.033898 0.033708 0.057143 0.205128 0.106936 0.058989 0.047753 0.042373 0.297753 0.031250 0.012987 0.109551 0.109551 0.089888 0.123596 0.084270 0.142433 0.137640 0.064607 0.101124 0.140449 0.163380 0.101124 0.127841 0.087079 0.117978 0.075843 0.169540 0.089888 0.092697 0.106742 0.142433 0.089888 0.101124 0.075843 0.144970 0.092697 0.092697 0.142433 0.112360 0.084270 0.075843 0.144970 0.095506 0.070225 0.075843 0.101449 0.418803
1.688.7F.X:8486162-8486515 0.220339 0.121469 0.110169 0.118644 0.127119 0.121469 0.127119 0.118644 0.115819 0.112994 0.115819 0.132768 0.118644 0.135593 0.135593 0.110169 0.115819 0.115819 0.135593 0.135593 0.062147 0.048023 0.031073 0.073446 0.157895 0.031073 0.076487 0.031073 0.000000 0.002825 0.062147 0.068571 0.213675 0.127168 0.087571 0.045198 0.050847 0.296610 0.053571 0.090909 0.135593 0.135593 0.115819 0.124294 0.110169 0.163205 0.161017 0.093220 0.127119 0.166667 0.138418 0.127119 0.125000 0.112994 0.144068 0.090395 0.178161 0.115819 0.118644 0.132768 0.163205 0.115819 0.127119 0.101695 0.165680 0.118644 0.118644 0.163205 0.138418 0.110169 0.101695 0.165680 0.121469 0.098870 0.101695 0.121739 0.418803
1.688.7F.X:8486516-8486869 0.220339 0.118644 0.107345 0.115819 0.124294 0.118644 0.124294 0.115819 0.112994 0.110169 0.112994 0.129944 0.115819 0.132768 0.132768 0.107345 0.112994 0.112994 0.132768 0.132768 0.064972 0.048023 0.033898 0.070621 0.157895 0.033898 0.082153 0.033898 0.002825 0.000000 0.064972 0.071429 0.219373 0.130058 0.090395 0.048023 0.053672 0.299435 0.058036 0.090909 0.138418 0.141243 0.118644 0.129944 0.112994 0.166172 0.166667 0.096045 0.132768 0.169492 0.144068 0.129944 0.127841 0.115819 0.149718 0.087571 0.183908 0.118644 0.124294 0.138418 0.166172 0.121469 0.129944 0.104520 0.168639 0.124294 0.124294 0.166172 0.144068 0.112994 0.104520 0.168639 0.127119 0.101695 0.104520 0.124638 0.418803
1.688.7F.X:8486870-8487227 0.169492 0.075419 0.064246 0.072626 0.081006 0.075419 0.078212 0.072626 0.086592 0.094972 0.069832 0.086592 0.072626 0.089385 0.112360 0.064246 0.069832 0.069832 0.122905 0.117318 0.053073 0.062147 0.030899 0.090395 0.178363 0.073446 0.079320 0.033708 0.062147 0.064972 0.000000 0.088571 0.170940 0.109827 0.030726 0.047619 0.039548 0.318436 0.022321 0.025974 0.111732 0.081006 0.061453 0.094972 0.092179 0.103858 0.108939 0.036313 0.072626 0.111732 0.129577 0.072626 0.125000 0.058659 0.097765 0.047486 0.135057 0.061453 0.064246 0.078212 0.103858 0.083799 0.072626 0.047486 0.121302 0.064246 0.064246 0.103858 0.083799 0.055866 0.047486 0.121302 0.067039 0.041899 0.047486 0.081159 0.367521
1.688.7F.X:8487228-8487577 0.245763 0.100000 0.091429 0.097143 0.105714 0.100000 0.108571 0.097143 0.097143 0.125714 0.097143 0.114286 0.100000 0.117143 0.160000 0.091429 0.097143 0.097143 0.128571 0.134286 0.091429 0.060000 0.068571 0.060000 0.119883 0.062857 0.125714 0.057143 0.068571 0.071429 0.088571 0.000000 0.228571 0.089595 0.088571 0.077143 0.077143 0.308571 0.031250 0.246753 0.125714 0.128571 0.105714 0.122857 0.097143 0.145401 0.154286 0.100000 0.122857 0.151429 0.171429 0.122857 0.128571 0.102857 0.131429 0.091429 0.160920 0.120000 0.105714 0.120000 0.145401 0.100000 0.117143 0.091429 0.147929 0.105714 0.105714 0.145401 0.122857 0.100000 0.091429 0.147929 0.105714 0.100000 0.091429 0.104348 0.418803
1.688.7F.X:8487580-8487930 0.101695 0.185185 0.173789 0.182336 0.188034 0.182336 0.188034 0.185185 0.193732 0.165242 0.173789 0.176638 0.176638 0.179487 0.196581 0.173789 0.173789 0.173789 0.190883 0.236467 0.219373 0.230769 0.199430 0.207977 0.315789 0.207977 0.205128 0.205128 0.213675 0.219373 0.170940 0.228571 0.000000 0.228324 0.150997 0.182336 0.222222 0.390313 0.250000 0.142857 0.162393 0.150997 0.142450 0.173789 0.156695 0.249258 0.131054 0.173789 0.168091 0.165242 0.145299 0.150997 0.190883 0.142450 0.150997 0.176638 0.227011 0.159544 0.142450 0.145299 0.249258 0.162393 0.128205 0.133903 0.266272 0.142450 0.142450 0.249258 0.136752 0.139601 0.133903 0.266272 0.145299 0.156695 0.133903 0.211594 0.461538
1.688.7F.X:8487931-8488276 0.296610 0.118497 0.109827 0.115607 0.124277 0.118497 0.127168 0.115607 0.112717 0.141618 0.115607 0.130058 0.118497 0.132948 0.176301 0.109827 0.115607 0.115607 0.132948 0.164740 0.115607 0.115607 0.092486 0.118497 0.140351 0.118497 0.156069 0.106936 0.127168 0.130058 0.109827 0.089595 0.228324 0.000000 0.089595 0.095376 0.066474 0.341040 0.004464 0.493506 0.127168 0.127168 0.106936 0.112717 0.106936 0.106825 0.153179 0.109827 0.127168 0.158960 0.153179 0.112717 0.086705 0.104046 0.141618 0.092486 0.095376 0.121387 0.106936 0.121387 0.106825 0.101156 0.118497 0.092486 0.109467 0.106936 0.106936 0.106825 0.124277 0.101156 0.092486 0.109467 0.106936 0.101156 0.092486 0.107246 0.367521
1.688.7F.X:8488277-8488636 0.093220 0.058333 0.044444 0.055556 0.063889 0.058333 0.061111 0.055556 0.064067 0.072423 0.050000 0.066667 0.052778 0.069444 0.089888 0.044444 0.050000 0.050000 0.103352 0.092179 0.064067 0.090395 0.056180 0.062147 0.093567 0.098870 0.104816 0.058989 0.087571 0.090395 0.030726 0.088571 0.150997 0.089595 0.000000 0.042017 0.070621 0.286111 0.022321 0.077922 0.080556 0.052778 0.030556 0.061281 0.058496 0.086053 0.072626 0.033426 0.069638 0.075419 0.115493 0.058496 0.099432 0.027778 0.064067 0.033426 0.051724 0.041667 0.033333 0.047222 0.086053 0.052778 0.041667 0.016667 0.103550 0.033333 0.033333 0.086053 0.052778 0.025000 0.016667 0.103550 0.036111 0.011111 0.016667 0.060870 0.367521
1.688.7F.X:8488637-8488993 0.186441 0.095238 0.081232 0.092437 0.100840 0.095238 0.098039 0.092437 0.086835 0.112045 0.086835 0.103641 0.089636 0.106443 0.134831 0.081232 0.086835 0.086835 0.117647 0.134454 0.061625 0.064972 0.014045 0.042373 0.157895 0.073446 0.093484 0.047753 0.045198 0.048023 0.047619 0.077143 0.182336 0.095376 0.042017 0.000000 0.036723 0.268908 0.000000 0.155844 0.089636 0.092437 0.070028 0.078431 0.072829 0.124629 0.114846 0.078431 0.112045 0.120448 0.115493 0.100840 0.071023 0.067227 0.106443 0.064426 0.140805 0.070028 0.072829 0.086835 0.124629 0.070028 0.081232 0.056022 0.127219 0.072829 0.072829 0.124629 0.092437 0.064426 0.056022 0.127219 0.075630 0.053221 0.056022 0.084058 0.367521
1.688.7F.X:8488994-8489347 0.262712 0.104520 0.096045 0.101695 0.110169 0.104520 0.110169 0.101695 0.090395 0.124294 0.101695 0.112994 0.104520 0.115819 0.144068 0.096045 0.101695 0.101695 0.115819 0.146893 0.056497 0.064972 0.022599 0.079096 0.146199 0.081921 0.101983 0.042373 0.050847 0.053672 0.039548 0.077143 0.222222 0.066474 0.070621 0.036723 0.000000 0.307910 0.004464 0.155844 0.132768 0.135593 0.112994 0.101695 0.104520 0.133531 0.146893 0.076271 0.112994 0.152542 0.144068 0.112994 0.102273 0.110169 0.132768 0.081921 0.143678 0.101695 0.112994 0.127119 0.133531 0.107345 0.112994 0.098870 0.136095 0.112994 0.112994 0.133531 0.118644 0.107345 0.098870 0.136095 0.112994 0.081921 0.098870 0.113043 0.367521
1.688.7F.X:8489348-8489707 0.144068 0.330556 0.316667 0.325000 0.336111 0.330556 0.336111 0.327778 0.320334 0.323120 0.319444 0.325000 0.322222 0.327778 0.334270 0.316667 0.319444 0.319444 0.312849 0.357542 0.306407 0.313559 0.283708 0.274011 0.315789 0.324859 0.337110 0.297753 0.296610 0.299435 0.318436 0.308571 0.390313 0.341040 0.286111 0.268908 0.307910 0.000000 0.406250 0.155844 0.297222 0.333333 0.302778 0.314763 0.298050 0.367953 0.326816 0.314763 0.337047 0.296089 0.357746 0.311978 0.352273 0.302778 0.314763 0.303621 0.382184 0.319444 0.313889 0.327778 0.367953 0.311111 0.286111 0.300000 0.369822 0.313889 0.313889 0.367953 0.302778 0.300000 0.300000 0.369822 0.316667 0.288889 0.300000 0.327536 0.675214
1.688.7F.X:8489708-8489931 0.635593 0.058036 0.044643 0.053571 0.062500 0.058036 0.053571 0.049107 0.049107 0.093750 0.053571 0.080357 0.053571 0.080357 0.138393 0.044643 0.053571 0.053571 0.084821 0.102679 0.044643 0.058036 0.000000 0.044643 0.062500 0.053571 0.111607 0.031250 0.053571 0.058036 0.022321 0.031250 0.250000 0.004464 0.022321 0.000000 0.004464 0.406250 0.000000 0.610390 0.053571 0.058036 0.044643 0.053571 0.044643 0.040179 0.120536 0.049107 0.084821 0.098214 0.129464 0.062500 0.058036 0.044643 0.098214 0.031250 0.071429 0.044643 0.044643 0.066964 0.040179 0.035714 0.066964 0.026786 0.040179 0.044643 0.044643 0.040179 0.071429 0.040179 0.026786 0.040179 0.044643 0.040179 0.026786 0.031250 0.367521
1.688.7F.X:8489931-8490007 0.155844 0.181818 0.155844 0.168831 0.181818 0.181818 0.207792 0.181818 0.246753 0.155844 0.155844 0.155844 0.155844 0.155844 0.142857 0.155844 0.155844 0.155844 0.181818 0.155844 0.090909 0.090909 0.090909 0.155844 0.298701 0.077922 0.090909 0.012987 0.090909 0.090909 0.025974 0.246753 0.142857 0.493506 0.077922 0.155844 0.155844 0.155844 0.610390 0.000000 0.142857 0.142857 0.155844 0.272727 0.155844 0.441558 0.155844 0.012987 0.090909 0.155844 0.272727 0.142857 0.246753 0.142857 0.168831 0.129870 0.311688 0.207792 0.168831 0.168831 0.441558 0.181818 0.142857 0.142857 0.441558 0.168831 0.168831 0.441558 0.181818 0.142857 0.142857 0.441558 0.181818 0.077922 0.142857 0.207792 0.688312
1.688.7F.X:8490008-8490367 0.101695 0.108333 0.094444 0.105556 0.111111 0.108333 0.108333 0.108333 0.114206 0.100279 0.097222 0.111111 0.100000 0.113889 0.160112 0.094444 0.097222 0.097222 0.094972 0.131285 0.139276 0.127119 0.103933 0.110169 0.213450 0.135593 0.226629 0.109551 0.135593 0.138418 0.111732 0.125714 0.162393 0.127168 0.080556 0.089636 0.132768 0.297222 0.053571 0.142857 0.000000 0.044444 0.077778 0.103064 0.080780 0.094955 0.089385 0.075209 0.086351 0.081006 0.135211 0.077994 0.105114 0.075000 0.105850 0.100279 0.160920 0.091667 0.075000 0.088889 0.094955 0.072222 0.058333 0.061111 0.097633 0.075000 0.075000 0.094955 0.063889 0.072222 0.061111 0.097633 0.077778 0.088889 0.061111 0.107246 0.367521
1.688.7F.X:8490368-8490729 0.101695 0.088643 0.074792 0.085873 0.091413 0.088643 0.088643 0.088643 0.091922 0.100279 0.077562 0.088889 0.080332 0.091667 0.143258 0.074792 0.077562 0.077562 0.114525 0.100559 0.111421 0.129944 0.103933 0.115819 0.131579 0.135593 0.195467 0.109551 0.135593 0.141243 0.081006 0.128571 0.150997 0.127168 0.052778 0.092437 0.135593 0.333333 0.058036 0.142857 0.044444 0.000000 0.052632 0.069638 0.075209 0.065282 0.050279 0.050139 0.041783 0.081006 0.123944 0.075209 0.147727 0.049861 0.072423 0.075209 0.117816 0.063889 0.044321 0.060773 0.065282 0.061111 0.061111 0.036011 0.082840 0.044321 0.044321 0.065282 0.061111 0.047091 0.036011 0.082840 0.047091 0.061111 0.036011 0.089855 0.376068
1.688.7F.X:8490730-8491090 0.059322 0.063712 0.049861 0.060942 0.072022 0.063712 0.069252 0.060942 0.066852 0.075209 0.052632 0.069444 0.055402 0.072222 0.120787 0.049861 0.052632 0.052632 0.100559 0.094972 0.091922 0.107345 0.084270 0.090395 0.192982 0.115819 0.144476 0.089888 0.115819 0.118644 0.061453 0.105714 0.142450 0.106936 0.030556 0.070028 0.112994 0.302778 0.044643 0.155844 0.077778 0.052632 0.000000 0.061281 0.052925 0.020772 0.067039 0.061281 0.066852 0.041899 0.112676 0.052925 0.127841 0.008310 0.058496 0.050139 0.063218 0.022222 0.033241 0.047091 0.020772 0.050000 0.019444 0.019391 0.097633 0.033241 0.033241 0.020772 0.050000 0.005540 0.019391 0.097633 0.036011 0.019444 0.019391 0.078261 0.376068
1.688.7F.X:8491091-8491449 0.144068 0.094708 0.080780 0.091922 0.100279 0.097493 0.097493 0.091922 0.077994 0.111421 0.086351 0.103064 0.089136 0.105850 0.154494 0.080780 0.086351 0.086351 0.142458 0.131285 0.100279 0.135593 0.092697 0.101695 0.131579 0.138418 0.138810 0.123596 0.124294 0.129944 0.094972 0.122857 0.173789 0.112717 0.061281 0.078431 0.101695 0.314763 0.053571 0.272727 0.103064 0.069638 0.061281 0.000000 0.086351 0.103858 0.092179 0.089136 0.089136 0.106145 0.059155 0.086351 0.116477 0.061281 0.066852 0.066852 0.034483 0.075209 0.033426 0.047354 0.103858 0.052925 0.072423 0.044568 0.121302 0.033426 0.033426 0.103858 0.052925 0.055710 0.044568 0.121302 0.036212 0.072423 0.044568 0.098551 0.367521
1.688.7F.X:8491450-8491808 0.076271 0.080780 0.077994 0.077994 0.086351 0.083565 0.094708 0.077994 0.103064 0.108635 0.083565 0.100279 0.086351 0.105850 0.151685 0.077994 0.083565 0.083565 0.111732 0.125698 0.122563 0.101695 0.087079 0.093220 0.184211 0.110169 0.172805 0.084270 0.110169 0.112994 0.092179 0.097143 0.156695 0.106936 0.058496 0.072829 0.104520 0.298050 0.044643 0.155844 0.080780 0.075209 0.052925 0.086351 0.000000 0.071217 0.078212 0.094708 0.094708 0.100559 0.140845 0.061281 0.144886 0.050139 0.064067 0.080780 0.094828 0.066852 0.061281 0.075209 0.071217 0.050139 0.064067 0.044568 0.073964 0.061281 0.061281 0.071217 0.075209 0.047354 0.044568 0.073964 0.058496 0.064067 0.044568 0.098551 0.410256
1.688.7F.X:8491809-8492145 0.279661 0.071217 0.056380 0.068249 0.121662 0.071217 0.124629 0.065282 0.109792 0.139466 0.059347 0.080119 0.062315 0.083086 0.169139 0.056380 0.059347 0.059347 0.157270 0.163205 0.124629 0.163205 0.124629 0.091988 0.178042 0.178042 0.189911 0.142433 0.163205 0.166172 0.103858 0.145401 0.249258 0.106825 0.086053 0.124629 0.133531 0.367953 0.040179 0.441558 0.094955 0.065282 0.020772 0.103858 0.071217 0.000000 0.089021 0.103858 0.124629 0.133531 0.169139 0.109792 0.053412 0.017804 0.139466 0.094955 0.109792 0.094955 0.044510 0.059347 0.000000 0.065282 0.032641 0.029674 0.014837 0.044510 0.044510 0.000000 0.121662 0.014837 0.029674 0.014837 0.047478 0.074184 0.029674 0.192878 0.367521
1.688.7F.X:8492146-8492503 0.059322 0.108939 0.094972 0.103352 0.111732 0.106145 0.108939 0.111732 0.114525 0.125698 0.097765 0.111732 0.100559 0.114525 0.171348 0.094972 0.097765 0.097765 0.148045 0.142458 0.136872 0.158192 0.129213 0.138418 0.230994 0.163842 0.181303 0.137640 0.161017 0.166667 0.108939 0.154286 0.131054 0.153179 0.072626 0.114846 0.146893 0.326816 0.120536 0.155844 0.089385 0.050279 0.067039 0.092179 0.078212 0.089021 0.000000 0.075419 0.069832 0.117318 0.149296 0.097765 0.164773 0.067039 0.044693 0.097765 0.155172 0.083799 0.061453 0.075419 0.089021 0.081006 0.081006 0.053073 0.106509 0.061453 0.061453 0.089021 0.081006 0.064246 0.053073 0.106509 0.064246 0.081006 0.053073 0.121739 0.461538
1.688.7F.X:8492504-8492862 0.144068 0.086351 0.075209 0.083565 0.089136 0.086351 0.089136 0.086351 0.097493 0.105850 0.077994 0.091922 0.080780 0.094708 0.123596 0.075209 0.077994 0.077994 0.120112 0.120112 0.069638 0.096045 0.061798 0.098870 0.204678 0.104520 0.104816 0.064607 0.093220 0.096045 0.036313 0.100000 0.173789 0.109827 0.033426 0.078431 0.076271 0.314763 0.049107 0.012987 0.075209 0.050139 0.061281 0.089136 0.094708 0.103858 0.075419 0.000000 0.041783 0.108939 0.143662 0.075209 0.125000 0.058496 0.091922 0.050139 0.126437 0.072423 0.058496 0.072423 0.103858 0.077994 0.072423 0.044568 0.121302 0.058496 0.058496 0.103858 0.077994 0.055710 0.044568 0.121302 0.061281 0.041783 0.044568 0.072464 0.367521
1.688.7F.X:8492863-8493221 0.101695 0.097493 0.086351 0.094708 0.100279 0.097493 0.100279 0.097493 0.108635 0.116992 0.089136 0.103064 0.091922 0.105850 0.157303 0.086351 0.089136 0.089136 0.131285 0.131285 0.103064 0.104520 0.095506 0.135593 0.204678 0.127119 0.116147 0.101124 0.127119 0.132768 0.072626 0.122857 0.168091 0.127168 0.069638 0.112045 0.112994 0.337047 0.084821 0.090909 0.086351 0.041783 0.066852 0.089136 0.094708 0.124629 0.069832 0.041783 0.000000 0.114525 0.143662 0.075209 0.144886 0.064067 0.091922 0.075209 0.103448 0.080780 0.058496 0.072423 0.124629 0.077994 0.077994 0.050139 0.142012 0.058496 0.058496 0.124629 0.077994 0.061281 0.050139 0.142012 0.061281 0.077994 0.050139 0.098551 0.376068
1.688.7F.X:8493222-8493579 0.110169 0.106145 0.092179 0.103352 0.114525 0.106145 0.111732 0.103352 0.114525 0.100559 0.094972 0.114525 0.097765 0.117318 0.132022 0.092179 0.094972 0.094972 0.134078 0.117318 0.139665 0.144068 0.134831 0.135593 0.149123 0.161017 0.169972 0.140449 0.166667 0.169492 0.111732 0.151429 0.165242 0.158960 0.075419 0.120448 0.152542 0.296089 0.098214 0.155844 0.081006 0.081006 0.041899 0.106145 0.100559 0.133531 0.117318 0.108939 0.114525 0.000000 0.140845 0.069832 0.173295 0.050279 0.106145 0.097765 0.169540 0.067039 0.075419 0.089385 0.133531 0.094972 0.033520 0.061453 0.150888 0.075419 0.075419 0.133531 0.064246 0.047486 0.061453 0.150888 0.078212 0.064246 0.061453 0.249275 0.376068
1.688.7F.X:8493580-8493934 0.194915 0.146479 0.135211 0.146479 0.154930 0.149296 0.152113 0.146479 0.132394 0.107042 0.140845 0.157746 0.143662 0.160563 0.174648 0.135211 0.140845 0.140845 0.163380 0.160563 0.149296 0.177966 0.132394 0.149718 0.242690 0.152542 0.152975 0.163380 0.138418 0.144068 0.129577 0.171429 0.145299 0.153179 0.115493 0.115493 0.144068 0.357746 0.129464 0.272727 0.135211 0.123944 0.112676 0.059155 0.140845 0.169139 0.149296 0.143662 0.143662 0.140845 0.000000 0.118310 0.133523 0.112676 0.121127 0.121127 0.152299 0.118310 0.087324 0.095775 0.169139 0.107042 0.101408 0.098592 0.186391 0.087324 0.087324 0.169139 0.084507 0.107042 0.098592 0.186391 0.090141 0.123944 0.098592 0.159420 0.367521
1.688.7F.X:8493935-8494293 0.127119 0.080780 0.077994 0.077994 0.086351 0.083565 0.094708 0.077994 0.103064 0.086351 0.083565 0.100279 0.086351 0.105850 0.146067 0.077994 0.083565 0.083565 0.111732 0.125698 0.103064 0.118644 0.095506 0.121469 0.210526 0.127119 0.144476 0.101124 0.127119 0.129944 0.072626 0.122857 0.150997 0.112717 0.058496 0.100840 0.112994 0.311978 0.062500 0.142857 0.077994 0.075209 0.052925 0.086351 0.061281 0.109792 0.097765 0.075209 0.075209 0.069832 0.118310 0.000000 0.133523 0.050139 0.094708 0.050139 0.135057 0.066852 0.061281 0.075209 0.109792 0.075209 0.033426 0.044568 0.127219 0.061281 0.061281 0.109792 0.044568 0.047354 0.044568 0.127219 0.058496 0.064067 0.044568 0.104348 0.376068
1.688.7F.X:8494294-8494645 0.177966 0.142045 0.133523 0.139205 0.147727 0.139205 0.150568 0.139205 0.127841 0.164773 0.139205 0.156250 0.142045 0.159091 0.184659 0.133523 0.139205 0.139205 0.190341 0.181818 0.133523 0.133523 0.088068 0.099432 0.204678 0.139205 0.144886 0.127841 0.125000 0.127841 0.125000 0.128571 0.190883 0.086705 0.099432 0.071023 0.102273 0.352273 0.058036 0.246753 0.105114 0.147727 0.127841 0.116477 0.144886 0.053412 0.164773 0.125000 0.144886 0.173295 0.133523 0.133523 0.000000 0.125000 0.153409 0.113636 0.077586 0.068182 0.127841 0.142045 0.053412 0.144886 0.139205 0.113636 0.071006 0.127841 0.127841 0.053412 0.144886 0.122159 0.113636 0.071006 0.127841 0.048295 0.113636 0.110145 0.393162
1.688.7F.X:8494646-8495006 0.050847 0.060942 0.047091 0.058172 0.069252 0.060942 0.066482 0.058172 0.064067 0.072423 0.049861 0.066667 0.052632 0.069444 0.117978 0.047091 0.049861 0.049861 0.097765 0.092179 0.089136 0.104520 0.081461 0.087571 0.108187 0.112994 0.141643 0.087079 0.112994 0.115819 0.058659 0.102857 0.142450 0.104046 0.027778 0.067227 0.110169 0.302778 0.044643 0.142857 0.075000 0.049861 0.008310 0.061281 0.050139 0.017804 0.067039 0.058496 0.064067 0.050279 0.112676 0.050139 0.125000 0.000000 0.064067 0.047354 0.063218 0.019444 0.036011 0.049861 0.017804 0.052778 0.016667 0.016620 0.094675 0.036011 0.036011 0.017804 0.052778 0.002770 0.016620 0.094675 0.038781 0.016667 0.016620 0.075362 0.367521
1.688.7F.X:8495007-8495365 0.067797 0.097493 0.083565 0.094708 0.103064 0.097493 0.100279 0.094708 0.105850 0.114206 0.089136 0.105850 0.091922 0.108635 0.160112 0.083565 0.089136 0.089136 0.145251 0.134078 0.128134 0.138418 0.120787 0.129944 0.210526 0.144068 0.178470 0.117978 0.144068 0.149718 0.097765 0.131429 0.150997 0.141618 0.064067 0.106443 0.132768 0.314763 0.098214 0.168831 0.105850 0.072423 0.058496 0.066852 0.064067 0.139466 0.044693 0.091922 0.091922 0.106145 0.121127 0.094708 0.153409 0.064067 0.000000 0.089136 0.117816 0.077994 0.027855 0.041783 0.139466 0.047354 0.075209 0.047354 0.097633 0.027855 0.027855 0.139466 0.047354 0.058496 0.047354 0.097633 0.030641 0.075209 0.047354 0.115942 0.452991
