26
1.688.12E.X:14500294-14500348 0.000000 0.090909 0.181818 0.181818 0.090909 0.090909 0.090909 0.181818 0.181818 0.181818 0.181818 0.200000 0.181818 0.181818 0.181818 0.218182 0.181818 0.200000 0.181818 0.181818 0.181818 0.218182 0.181818 0.181818 0.181818 0.272727
1.688.12E.X:14500359-14500708 0.090909 0.000000 0.045714 0.124088 0.014286 0.000000 0.014327 0.065714 0.074713 0.054237 0.034286 0.045714 0.088235 0.100000 0.040000 0.094286 0.025714 0.120130 0.048571 0.054286 0.093333 0.094286 0.025714 0.028571 0.025714 0.118156
1.688.12E.X:14500719-14501074 0.181818 0.045714 0.000000 0.102190 0.054286 0.045714 0.057307 0.025281 0.080460 0.040678 0.039548 0.037143 0.073529 0.086667 0.045198 0.093484 0.031073 0.100649 0.045326 0.048159 0.080000 0.093484 0.031073 0.031073 0.031073 0.129683
1.688.12E.X:14501120-14501256 0.181818 0.124088 0.102190 0.000000 0.124088 0.124088 0.124088 0.094891 0.065693 0.065693 0.065693 0.087591 0.065693 0.080292 0.065693 0.036496 0.058394 0.087591 0.058394 0.065693 0.072993 0.036496 0.058394 0.058394 0.058394 0.211679
1.688.12E.X:14501264-14501613 0.090909 0.014286 0.054286 0.124088 0.000000 0.014286 0.028653 0.057143 0.077586 0.054237 0.034286 0.037143 0.079412 0.100000 0.034286 0.091429 0.028571 0.113636 0.045714 0.051429 0.093333 0.091429 0.028571 0.031429 0.028571 0.115274
1.688.12E.X:14501624-14501973 0.090909 0.000000 0.045714 0.124088 0.014286 0.000000 0.014327 0.065714 0.074713 0.054237 0.034286 0.045714 0.088235 0.100000 0.040000 0.094286 0.025714 0.120130 0.048571 0.054286 0.093333 0.094286 0.025714 0.028571 0.025714 0.118156
1.688.12E.X:14501984-14502332 0.090909 0.014327 0.057307 0.124088 0.028653 0.014327 0.000000 0.080229 0.068966 0.061017 0.048711 0.060172 0.105882 0.100000 0.054441 0.106017 0.040115 0.120130 0.063037 0.068768 0.093333 0.106017 0.040115 0.042980 0.040115 0.135447
1.688.12E.X:14502343-14502700 0.181818 0.065714 0.025281 0.094891 0.057143 0.065714 0.080229 0.000000 0.094828 0.057627 0.053672 0.040000 0.076471 0.120000 0.053672 0.082153 0.045198 0.097403 0.053824 0.056657 0.113333 0.082153 0.045198 0.045198 0.045198 0.138329
1.688.12E.X:14502708-14503055 0.181818 0.074713 0.080460 0.065693 0.077586 0.074713 0.068966 0.094828 0.000000 0.010169 0.045977 0.068966 0.041176 0.040000 0.051724 0.089080 0.043103 0.081169 0.034483 0.048851 0.033333 0.089080 0.043103 0.045977 0.043103 0.141210
1.688.12E.X:14503094-14503388 0.181818 0.054237 0.040678 0.065693 0.054237 0.054237 0.061017 0.057627 0.010169 0.000000 0.010169 0.033898 0.016949 0.040000 0.013559 0.091525 0.013559 0.050847 0.013559 0.033898 0.033333 0.091525 0.013559 0.016949 0.013559 0.152542
1.688.12E.X:14503396-14503749 0.181818 0.034286 0.039548 0.065693 0.034286 0.034286 0.048711 0.053672 0.045977 0.010169 0.000000 0.022857 0.058824 0.040000 0.005650 0.070822 0.008475 0.087662 0.028329 0.031161 0.033333 0.070822 0.008475 0.011299 0.008475 0.109510
1.688.12E.X:14503757-14504106 0.200000 0.045714 0.037143 0.087591 0.037143 0.045714 0.060172 0.040000 0.068966 0.033898 0.022857 0.000000 0.055882 0.066667 0.017143 0.065714 0.017143 0.087662 0.028571 0.028571 0.060000 0.065714 0.017143 0.017143 0.017143 0.109510
1.688.12E.X:14504118-14504457 0.181818 0.088235 0.073529 0.065693 0.079412 0.088235 0.105882 0.076471 0.041176 0.016949 0.058824 0.055882 0.000000 0.040000 0.055882 0.108824 0.055882 0.071429 0.055882 0.064706 0.033333 0.108824 0.055882 0.055882 0.055882 0.167647
1.688.12E.X:14504531-14504680 0.181818 0.100000 0.086667 0.080292 0.100000 0.100000 0.100000 0.120000 0.040000 0.040000 0.040000 0.066667 0.040000 0.000000 0.040000 0.086667 0.046667 0.053333 0.046667 0.040000 0.006667 0.086667 0.046667 0.046667 0.046667 0.173333
1.688.12E.X:14504688-14505041 0.181818 0.040000 0.045198 0.065693 0.034286 0.040000 0.054441 0.053672 0.051724 0.013559 0.005650 0.017143 0.055882 0.040000 0.000000 0.076487 0.014124 0.087662 0.033994 0.036827 0.033333 0.076487 0.014124 0.016949 0.014124 0.115274
1.688.12E.X:14505049-14505401 0.218182 0.094286 0.093484 0.036496 0.091429 0.094286 0.106017 0.082153 0.089080 0.091525 0.070822 0.065714 0.108824 0.086667 0.076487 0.000000 0.067989 0.139610 0.082153 0.048159 0.080000 0.000000 0.067989 0.067989 0.067989 0.123919
1.688.12E.X:14505409-14505762 0.181818 0.025714 0.031073 0.058394 0.028571 0.025714 0.040115 0.045198 0.043103 0.013559 0.008475 0.017143 0.055882 0.046667 0.014124 0.067989 0.000000 0.084416 0.019830 0.028329 0.040000 0.067989 0.000000 0.002825 0.000000 0.103746
1.688.12E.X:14505972-14506279 0.200000 0.120130 0.100649 0.087591 0.113636 0.120130 0.120130 0.097403 0.081169 0.050847 0.087662 0.087662 0.071429 0.053333 0.087662 0.139610 0.084416 0.000000 0.077922 0.090909 0.046667 0.139610 0.084416 0.084416 0.084416 0.198052
1.688.12E.X:14506287-14506639 0.181818 0.048571 0.045326 0.058394 0.045714 0.048571 0.063037 0.053824 0.034483 0.013559 0.028329 0.028571 0.055882 0.046667 0.033994 0.082153 0.019830 0.077922 0.000000 0.036827 0.040000 0.082153 0.019830 0.022663 0.019830 0.118156
1.688.12E.X:14506647-14506999 0.181818 0.054286 0.048159 0.065693 0.051429 0.054286 0.068768 0.056657 0.048851 0.033898 0.031161 0.028571 0.064706 0.040000 0.036827 0.048159 0.028329 0.090909 0.036827 0.000000 0.033333 0.048159 0.028329 0.028329 0.028329 0.083573
1.688.12E.X:14507073-14507222 0.181818 0.093333 0.080000 0.072993 0.093333 0.093333 0.093333 0.113333 0.033333 0.033333 0.033333 0.060000 0.033333 0.006667 0.033333 0.080000 0.040000 0.046667 0.040000 0.033333 0.000000 0.080000 0.040000 0.040000 0.040000 0.160000
1.688.12E.X:14507230-14507582 0.218182 0.094286 0.093484 0.036496 0.091429 0.094286 0.106017 0.082153 0.089080 0.091525 0.070822 0.065714 0.108824 0.086667 0.076487 0.000000 0.067989 0.139610 0.082153 0.048159 0.080000 0.000000 0.067989 0.067989 0.067989 0.123919
1.688.12E.X:14507590-14507943 0.181818 0.025714 0.031073 0.058394 0.028571 0.025714 0.040115 0.045198 0.043103 0.013559 0.008475 0.017143 0.055882 0.046667 0.014124 0.067989 0.000000 0.084416 0.019830 0.028329 0.040000 0.067989 0.000000 0.002825 0.000000 0.103746
1.688.12E.X:14507951-14508304 0.181818 0.028571 0.031073 0.058394 0.031429 0.028571 0.042980 0.045198 0.045977 0.016949 0.011299 0.017143 0.055882 0.046667 0.016949 0.067989 0.002825 0.084416 0.022663 0.028329 0.040000 0.067989 0.002825 0.000000 0.002825 0.103746
1.688.12E.X:14508312-14508665 0.181818 0.025714 0.031073 0.058394 0.028571 0.025714 0.040115 0.045198 0.043103 0.013559 0.008475 0.017143 0.055882 0.046667 0.014124 0.067989 0.000000 0.084416 0.019830 0.028329 0.040000 0.067989 0.000000 0.002825 0.000000 0.103746
1.688.12E.X:14508673-14509019 0.272727 0.118156 0.129683 0.211679 0.115274 0.118156 0.135447 0.138329 0.141210 0.152542 0.109510 0.109510 0.167647 0.173333 0.115274 0.123919 0.103746 0.198052 0.118156 0.083573 0.160000 0.123919 0.103746 0.103746 0.103746 0.000000
