4
RSP-LIKE.5D.X:6133548-6133706 0.000000 0.025157 0.025157 0.025157
RSP-LIKE.5D.X:6133712-6133872 0.025157 0.000000 0.000000 0.000000
RSP-LIKE.5D.X:6133878-6134038 0.025157 0.000000 0.000000 0.000000
RSP-LIKE.5D.X:6134044-6134204 0.025157 0.000000 0.000000 0.000000
