7
RSP-LIKE.4B.X:4155073-4155225 0.000000 0.307190 0.307190 0.313725 0.307190 0.313725 0.372549
RSP-LIKE.4B.X:4155227-4155390 0.307190 0.000000 0.000000 0.006098 0.000000 0.006098 0.031447
RSP-LIKE.4B.X:4155392-4155555 0.307190 0.000000 0.000000 0.006098 0.000000 0.006098 0.031447
RSP-LIKE.4B.X:4155557-4155720 0.313725 0.006098 0.006098 0.000000 0.006098 0.012195 0.037736
RSP-LIKE.4B.X:4155722-4155885 0.307190 0.000000 0.000000 0.006098 0.000000 0.006098 0.031447
RSP-LIKE.4B.X:4155887-4156050 0.313725 0.006098 0.006098 0.012195 0.006098 0.000000 0.025157
RSP-LIKE.4B.X:4156052-4156210 0.372549 0.031447 0.031447 0.037736 0.031447 0.025157 0.000000
