35
RSP-LIKE.2D.X:2114248-2114375 0.000000 0.218750 0.242188 0.195312 0.187500 0.242188 0.203125 0.187500 0.203125 0.210938 0.195312 0.171875 0.187500 0.187500 0.203125 0.210938 0.187500 0.226562 0.226562 0.476562 0.312500 0.281250 0.171875 0.187500 0.187500 0.203125 0.187500 0.203125 0.210938 0.195312 0.195312 0.250000 0.179688 0.203125 0.343750
RSP-LIKE.2D.X:2114376-2114538 0.218750 0.000000 0.043210 0.073620 0.073620 0.049080 0.042945 0.110429 0.030675 0.085890 0.073620 0.049080 0.055215 0.073620 0.030675 0.099379 0.067485 0.123457 0.085890 0.293333 0.142857 0.136646 0.049080 0.055215 0.073620 0.030675 0.110429 0.067485 0.079755 0.073620 0.061350 0.144654 0.055215 0.030675 0.041096
RSP-LIKE.2D.X:2114541-2114702 0.242188 0.043210 0.000000 0.080247 0.080247 0.006173 0.049383 0.123457 0.043210 0.098765 0.086420 0.061728 0.067901 0.080247 0.043210 0.118012 0.080247 0.141975 0.098765 0.353333 0.156463 0.155280 0.061728 0.067901 0.080247 0.043210 0.123457 0.080247 0.092593 0.086420 0.074074 0.169811 0.067901 0.043210 0.061644
RSP-LIKE.2D.X:2114705-2114867 0.195312 0.073620 0.080247 0.000000 0.030675 0.092025 0.042945 0.067485 0.036810 0.024540 0.018405 0.030675 0.012270 0.030675 0.036810 0.062112 0.024540 0.080247 0.067485 0.246667 0.095238 0.118012 0.030675 0.012270 0.030675 0.036810 0.067485 0.073620 0.036810 0.018405 0.042945 0.106918 0.036810 0.036810 0.054795
RSP-LIKE.2D.X:2114868-2115031 0.187500 0.073620 0.080247 0.030675 0.000000 0.073620 0.042945 0.067485 0.048780 0.036585 0.024390 0.024390 0.042683 0.000000 0.048780 0.055901 0.018293 0.074074 0.049080 0.246667 0.088435 0.111801 0.024390 0.042683 0.000000 0.048780 0.067485 0.079755 0.036585 0.024390 0.042683 0.106918 0.030488 0.048780 0.041096
RSP-LIKE.2D.X:2115032-2115194 0.242188 0.049080 0.006173 0.092025 0.073620 0.000000 0.049080 0.116564 0.049080 0.092025 0.079755 0.055215 0.073620 0.073620 0.049080 0.105590 0.073620 0.129630 0.092025 0.346667 0.149660 0.142857 0.055215 0.073620 0.073620 0.049080 0.116564 0.085890 0.085890 0.079755 0.067485 0.157233 0.061350 0.049080 0.047945
RSP-LIKE.2D.X:2115197-2115359 0.203125 0.042945 0.049383 0.042945 0.042945 0.049080 0.000000 0.085890 0.006135 0.061350 0.049080 0.024540 0.030675 0.042945 0.006135 0.086957 0.042945 0.098765 0.061350 0.273333 0.108844 0.111801 0.024540 0.030675 0.042945 0.006135 0.085890 0.042945 0.067485 0.049080 0.049080 0.125786 0.030675 0.006135 0.027397
RSP-LIKE.2D.X:2115360-2115522 0.187500 0.110429 0.123457 0.067485 0.067485 0.116564 0.085890 0.000000 0.085890 0.049080 0.042945 0.055215 0.061350 0.067485 0.085890 0.012422 0.049080 0.117284 0.098160 0.253333 0.136054 0.086957 0.055215 0.061350 0.067485 0.085890 0.000000 0.122699 0.055215 0.042945 0.061350 0.088050 0.049080 0.085890 0.089041
RSP-LIKE.2D.X:2115523-2115686 0.203125 0.030675 0.043210 0.036810 0.048780 0.049080 0.006135 0.085890 0.000000 0.067073 0.054878 0.030488 0.024390 0.048780 0.000000 0.086957 0.048780 0.098765 0.061350 0.266667 0.115646 0.111801 0.030488 0.024390 0.048780 0.000000 0.085890 0.030675 0.073171 0.054878 0.054878 0.125786 0.036585 0.000000 0.027397
RSP-LIKE.2D.X:2115687-2115850 0.210938 0.085890 0.098765 0.024540 0.036585 0.092025 0.061350 0.049080 0.067073 0.000000 0.006098 0.036585 0.036585 0.036585 0.067073 0.037267 0.018293 0.074074 0.067485 0.246667 0.095238 0.111801 0.036585 0.036585 0.036585 0.067073 0.049080 0.098160 0.018293 0.006098 0.036585 0.106918 0.030488 0.067073 0.061644
RSP-LIKE.2D.X:2115851-2116014 0.195312 0.073620 0.086420 0.018405 0.024390 0.079755 0.049080 0.042945 0.054878 0.006098 0.000000 0.024390 0.030488 0.024390 0.054878 0.031056 0.006098 0.067901 0.055215 0.240000 0.081633 0.105590 0.024390 0.030488 0.024390 0.054878 0.042945 0.085890 0.012195 0.000000 0.030488 0.100629 0.018293 0.054878 0.047945
RSP-LIKE.2D.X:2116015-2116178 0.171875 0.049080 0.061728 0.030675 0.024390 0.055215 0.024540 0.055215 0.030488 0.036585 0.024390 0.000000 0.018293 0.024390 0.030488 0.049689 0.018293 0.067901 0.036810 0.260000 0.081633 0.099379 0.000000 0.018293 0.024390 0.030488 0.055215 0.061350 0.036585 0.024390 0.018293 0.100629 0.006098 0.030488 0.034247
RSP-LIKE.2D.X:2116179-2116342 0.187500 0.055215 0.067901 0.012270 0.042683 0.073620 0.030675 0.061350 0.024390 0.036585 0.030488 0.018293 0.000000 0.042683 0.024390 0.062112 0.036585 0.080247 0.055215 0.253333 0.102041 0.105590 0.018293 0.000000 0.042683 0.024390 0.061350 0.055215 0.048780 0.030488 0.030488 0.100629 0.024390 0.024390 0.047945
RSP-LIKE.2D.X:2116343-2116506 0.187500 0.073620 0.080247 0.030675 0.000000 0.073620 0.042945 0.067485 0.048780 0.036585 0.024390 0.024390 0.042683 0.000000 0.048780 0.055901 0.018293 0.074074 0.049080 0.246667 0.088435 0.111801 0.024390 0.042683 0.000000 0.048780 0.067485 0.079755 0.036585 0.024390 0.042683 0.106918 0.030488 0.048780 0.041096
RSP-LIKE.2D.X:2116507-2116670 0.203125 0.030675 0.043210 0.036810 0.048780 0.049080 0.006135 0.085890 0.000000 0.067073 0.054878 0.030488 0.024390 0.048780 0.000000 0.086957 0.048780 0.098765 0.061350 0.266667 0.115646 0.111801 0.030488 0.024390 0.048780 0.000000 0.085890 0.030675 0.073171 0.054878 0.054878 0.125786 0.036585 0.000000 0.027397
RSP-LIKE.2D.X:2116671-2116831 0.210938 0.099379 0.118012 0.062112 0.055901 0.105590 0.086957 0.012422 0.086957 0.037267 0.031056 0.049689 0.062112 0.055901 0.086957 0.000000 0.037267 0.111801 0.086957 0.240000 0.136054 0.086957 0.049689 0.062112 0.055901 0.086957 0.012422 0.124224 0.031056 0.031056 0.043478 0.075472 0.043478 0.086957 0.082192
RSP-LIKE.2D.X:2116833-2116996 0.187500 0.067485 0.080247 0.024540 0.018293 0.073620 0.042945 0.049080 0.048780 0.018293 0.006098 0.018293 0.036585 0.018293 0.048780 0.037267 0.000000 0.067901 0.049080 0.246667 0.074830 0.111801 0.018293 0.036585 0.018293 0.048780 0.049080 0.079755 0.018293 0.006098 0.036585 0.106918 0.012195 0.048780 0.041096
RSP-LIKE.2D.X:2116997-2117158 0.226562 0.123457 0.141975 0.080247 0.074074 0.129630 0.098765 0.117284 0.098765 0.074074 0.067901 0.067901 0.080247 0.074074 0.098765 0.111801 0.067901 0.000000 0.061728 0.233333 0.115646 0.111801 0.067901 0.080247 0.074074 0.098765 0.117284 0.098765 0.080247 0.067901 0.080247 0.113208 0.074074 0.098765 0.089041
RSP-LIKE.2D.X:2117159-2117321 0.226562 0.085890 0.098765 0.067485 0.049080 0.092025 0.061350 0.098160 0.061350 0.067485 0.055215 0.036810 0.055215 0.049080 0.061350 0.086957 0.049080 0.061728 0.000000 0.260000 0.122449 0.068323 0.036810 0.055215 0.049080 0.061350 0.098160 0.098160 0.067485 0.055215 0.055215 0.138365 0.042945 0.061350 0.075342
RSP-LIKE.2D.X:2117322-2117471 0.476562 0.293333 0.353333 0.246667 0.246667 0.346667 0.273333 0.253333 0.266667 0.246667 0.240000 0.260000 0.253333 0.246667 0.266667 0.240000 0.246667 0.233333 0.260000 0.000000 0.285714 0.220000 0.260000 0.253333 0.246667 0.266667 0.253333 0.286667 0.240000 0.240000 0.253333 0.226667 0.260000 0.266667 0.301370
RSP-LIKE.2D.X:2117475-2117621 0.312500 0.142857 0.156463 0.095238 0.088435 0.149660 0.108844 0.136054 0.115646 0.095238 0.081633 0.081633 0.102041 0.088435 0.115646 0.136054 0.074830 0.115646 0.122449 0.285714 0.000000 0.204082 0.081633 0.102041 0.088435 0.115646 0.136054 0.142857 0.095238 0.081633 0.102041 0.163265 0.081633 0.115646 0.226027
RSP-LIKE.2D.X:2117622-2117782 0.281250 0.136646 0.155280 0.118012 0.111801 0.142857 0.111801 0.086957 0.111801 0.111801 0.105590 0.099379 0.105590 0.111801 0.111801 0.086957 0.111801 0.111801 0.068323 0.220000 0.204082 0.000000 0.099379 0.105590 0.111801 0.111801 0.086957 0.149068 0.118012 0.105590 0.105590 0.113208 0.105590 0.111801 0.095890
RSP-LIKE.2D.X:2117783-2117946 0.171875 0.049080 0.061728 0.030675 0.024390 0.055215 0.024540 0.055215 0.030488 0.036585 0.024390 0.000000 0.018293 0.024390 0.030488 0.049689 0.018293 0.067901 0.036810 0.260000 0.081633 0.099379 0.000000 0.018293 0.024390 0.030488 0.055215 0.061350 0.036585 0.024390 0.018293 0.100629 0.006098 0.030488 0.034247
RSP-LIKE.2D.X:2117947-2118110 0.187500 0.055215 0.067901 0.012270 0.042683 0.073620 0.030675 0.061350 0.024390 0.036585 0.030488 0.018293 0.000000 0.042683 0.024390 0.062112 0.036585 0.080247 0.055215 0.253333 0.102041 0.105590 0.018293 0.000000 0.042683 0.024390 0.061350 0.055215 0.048780 0.030488 0.030488 0.100629 0.024390 0.024390 0.047945
RSP-LIKE.2D.X:2118111-2118274 0.187500 0.073620 0.080247 0.030675 0.000000 0.073620 0.042945 0.067485 0.048780 0.036585 0.024390 0.024390 0.042683 0.000000 0.048780 0.055901 0.018293 0.074074 0.049080 0.246667 0.088435 0.111801 0.024390 0.042683 0.000000 0.048780 0.067485 0.079755 0.036585 0.024390 0.042683 0.106918 0.030488 0.048780 0.041096
RSP-LIKE.2D.X:2118275-2118438 0.203125 0.030675 0.043210 0.036810 0.048780 0.049080 0.006135 0.085890 0.000000 0.067073 0.054878 0.030488 0.024390 0.048780 0.000000 0.086957 0.048780 0.098765 0.061350 0.266667 0.115646 0.111801 0.030488 0.024390 0.048780 0.000000 0.085890 0.030675 0.073171 0.054878 0.054878 0.125786 0.036585 0.000000 0.027397
RSP-LIKE.2D.X:2118439-2118601 0.187500 0.110429 0.123457 0.067485 0.067485 0.116564 0.085890 0.000000 0.085890 0.049080 0.042945 0.055215 0.061350 0.067485 0.085890 0.012422 0.049080 0.117284 0.098160 0.253333 0.136054 0.086957 0.055215 0.061350 0.067485 0.085890 0.000000 0.122699 0.055215 0.042945 0.061350 0.088050 0.049080 0.085890 0.089041
RSP-LIKE.2D.X:2118602-2118764 0.203125 0.067485 0.080247 0.073620 0.079755 0.085890 0.042945 0.122699 0.030675 0.098160 0.085890 0.061350 0.055215 0.079755 0.030675 0.124224 0.079755 0.098765 0.098160 0.286667 0.142857 0.149068 0.061350 0.055215 0.079755 0.030675 0.122699 0.000000 0.104294 0.085890 0.085890 0.150943 0.067485 0.030675 0.068493
RSP-LIKE.2D.X:2118765-2118928 0.210938 0.079755 0.092593 0.036810 0.036585 0.085890 0.067485 0.055215 0.073171 0.018293 0.012195 0.036585 0.048780 0.036585 0.073171 0.031056 0.018293 0.080247 0.067485 0.240000 0.095238 0.118012 0.036585 0.048780 0.036585 0.073171 0.055215 0.104294 0.000000 0.012195 0.018293 0.100629 0.030488 0.073171 0.047945
RSP-LIKE.2D.X:2118929-2119092 0.195312 0.073620 0.086420 0.018405 0.024390 0.079755 0.049080 0.042945 0.054878 0.006098 0.000000 0.024390 0.030488 0.024390 0.054878 0.031056 0.006098 0.067901 0.055215 0.240000 0.081633 0.105590 0.024390 0.030488 0.024390 0.054878 0.042945 0.085890 0.012195 0.000000 0.030488 0.100629 0.018293 0.054878 0.047945
RSP-LIKE.2D.X:2119093-2119256 0.195312 0.061350 0.074074 0.042945 0.042683 0.067485 0.049080 0.061350 0.054878 0.036585 0.030488 0.018293 0.030488 0.042683 0.054878 0.043478 0.036585 0.080247 0.055215 0.253333 0.102041 0.105590 0.018293 0.030488 0.042683 0.054878 0.061350 0.085890 0.018293 0.030488 0.000000 0.094340 0.024390 0.054878 0.041096
RSP-LIKE.2D.X:2119257-2119415 0.250000 0.144654 0.169811 0.106918 0.106918 0.157233 0.125786 0.088050 0.125786 0.106918 0.100629 0.100629 0.100629 0.106918 0.125786 0.075472 0.106918 0.113208 0.138365 0.226667 0.163265 0.113208 0.100629 0.100629 0.106918 0.125786 0.088050 0.150943 0.100629 0.100629 0.094340 0.000000 0.106918 0.125786 0.130137
RSP-LIKE.2D.X:2119417-2119580 0.179688 0.055215 0.067901 0.036810 0.030488 0.061350 0.030675 0.049080 0.036585 0.030488 0.018293 0.006098 0.024390 0.030488 0.036585 0.043478 0.012195 0.074074 0.042945 0.260000 0.081633 0.105590 0.006098 0.024390 0.030488 0.036585 0.049080 0.067485 0.030488 0.018293 0.024390 0.106918 0.000000 0.036585 0.041096
RSP-LIKE.2D.X:2119581-2119744 0.203125 0.030675 0.043210 0.036810 0.048780 0.049080 0.006135 0.085890 0.000000 0.067073 0.054878 0.030488 0.024390 0.048780 0.000000 0.086957 0.048780 0.098765 0.061350 0.266667 0.115646 0.111801 0.030488 0.024390 0.048780 0.000000 0.085890 0.030675 0.073171 0.054878 0.054878 0.125786 0.036585 0.000000 0.027397
RSP-LIKE.2D.X:2119745-2119890 0.343750 0.041096 0.061644 0.054795 0.041096 0.047945 0.027397 0.089041 0.027397 0.061644 0.047945 0.034247 0.047945 0.041096 0.027397 0.082192 0.041096 0.089041 0.075342 0.301370 0.226027 0.095890 0.034247 0.047945 0.041096 0.027397 0.089041 0.068493 0.047945 0.047945 0.041096 0.130137 0.041096 0.027397 0.000000
