6
1.688.13A.X:15104180-15104343 0.000000 0.140244 0.128049 0.146341 0.109756 0.639535
1.688.13A.X:15104368-15104704 0.140244 0.000000 0.139466 0.142433 0.127596 0.279070
1.688.13A.X:15104729-15105077 0.128049 0.139466 0.000000 0.031792 0.029674 0.255814
1.688.13A.X:15105090-15105435 0.146341 0.142433 0.031792 0.000000 0.047478 0.267442
1.688.13A.X:15105448-15105784 0.109756 0.127596 0.029674 0.047478 0.000000 0.267442
1.688.13A.X:15105808-15105893 0.639535 0.279070 0.255814 0.267442 0.267442 0.000000
