10
1.688.14C.X:16391100-16391439 0.000000 0.223529 0.150000 0.147059 0.076471 0.094118 0.220588 0.182353 0.073529 0.160000
1.688.14C.X:16391440-16391798 0.223529 0.000000 0.175487 0.172702 0.183844 0.170029 0.050139 0.155989 0.212034 0.160000
1.688.14C.X:16391799-16392159 0.150000 0.175487 0.000000 0.005540 0.113889 0.152738 0.152355 0.122563 0.143266 0.175000
1.688.14C.X:16392160-16392520 0.147059 0.172702 0.005540 0.000000 0.113889 0.152738 0.152355 0.125348 0.183381 0.170000
1.688.14C.X:16392521-16392880 0.076471 0.183844 0.113889 0.113889 0.000000 0.106628 0.147222 0.119777 0.077364 0.130000
1.688.14C.X:16392881-16393227 0.094118 0.170029 0.152738 0.152738 0.106628 0.000000 0.170029 0.112392 0.074928 0.125000
1.688.14C.X:16393228-16393588 0.220588 0.050139 0.152355 0.152355 0.147222 0.170029 0.000000 0.122563 0.212034 0.160000
1.688.14C.X:16393589-16393947 0.182353 0.155989 0.122563 0.125348 0.119777 0.112392 0.122563 0.000000 0.166189 0.125000
1.688.14C.X:16393948-16394296 0.073529 0.212034 0.143266 0.183381 0.077364 0.074928 0.212034 0.166189 0.000000 0.150000
1.688.14C.X:16394297-16394496 0.160000 0.160000 0.175000 0.170000 0.130000 0.125000 0.160000 0.125000 0.150000 0.000000
