7
1.688.6A.X:6503707-6503830 0.000000 0.282258 0.282258 0.048387 0.282258 0.282258 0.659574
1.688.6A.X:6503874-6503998 0.282258 0.000000 0.000000 0.258065 0.000000 0.016000 0.627660
1.688.6A.X:6504072-6504196 0.282258 0.000000 0.000000 0.258065 0.000000 0.016000 0.627660
1.688.6A.X:6504301-6504424 0.048387 0.258065 0.258065 0.000000 0.258065 0.258065 0.712766
1.688.6A.X:6504468-6504592 0.282258 0.000000 0.000000 0.258065 0.000000 0.016000 0.627660
1.688.6A.X:6504666-6504790 0.282258 0.016000 0.016000 0.258065 0.016000 0.000000 0.648936
1.688.6A.X:6504824-6504917 0.659574 0.627660 0.627660 0.712766 0.627660 0.648936 0.000000
