7
1.688.13C.X:15484496-15484696 0.000000 0.557377 0.634615 0.134328 0.079602 0.542373 0.506250
1.688.13C.X:15484698-15484758 0.557377 0.000000 0.730769 0.590164 0.049180 0.254237 0.606557
1.688.13C.X:15484758-15484809 0.634615 0.730769 0.000000 0.134615 0.173077 0.750000 0.000000
1.688.13C.X:15484809-15485129 0.134328 0.590164 0.134615 0.000000 0.112150 0.644068 0.300000
1.688.13C.X:15485130-15485489 0.079602 0.049180 0.173077 0.112150 0.000000 0.237288 0.312500
1.688.13C.X:15485490-15485548 0.542373 0.254237 0.750000 0.644068 0.237288 0.000000 0.559322
1.688.13C.X:15485548-15485707 0.506250 0.606557 0.000000 0.300000 0.312500 0.559322 0.000000
