7
1.688.7E.X:8334625-8334679 0.000000 0.163636 0.400000 0.163636 0.218182 0.163636 0.272727
1.688.7E.X:8334713-8335062 0.163636 0.000000 0.251429 0.031429 0.028571 0.020000 0.037500
1.688.7E.X:8335076-8335433 0.400000 0.251429 0.000000 0.223464 0.234637 0.223464 0.256250
1.688.7E.X:8335434-8335794 0.163636 0.031429 0.223464 0.000000 0.036011 0.022161 0.040625
1.688.7E.X:8335795-8336155 0.218182 0.028571 0.234637 0.036011 0.000000 0.030471 0.031250
1.688.7E.X:8336156-8336516 0.163636 0.020000 0.223464 0.022161 0.030471 0.000000 0.034375
1.688.7E.X:8336517-8336836 0.272727 0.037500 0.256250 0.040625 0.031250 0.034375 0.000000
