7
1.688.7C.X:7895295-7895644 0.000000 0.062857 0.077586 0.077586 0.060345 0.068571 0.486486
1.688.7C.X:7895656-7896005 0.062857 0.000000 0.043103 0.054598 0.037356 0.045714 0.459459
1.688.7C.X:7896019-7896366 0.077586 0.043103 0.000000 0.011494 0.045977 0.048851 0.418919
1.688.7C.X:7896380-7896727 0.077586 0.054598 0.011494 0.000000 0.057471 0.060345 0.432432
1.688.7C.X:7896741-7897088 0.060345 0.037356 0.045977 0.057471 0.000000 0.002874 0.418919
1.688.7C.X:7897102-7897454 0.068571 0.045714 0.048851 0.060345 0.002874 0.000000 0.418919
1.688.7C.X:7897461-7897534 0.486486 0.459459 0.418919 0.432432 0.418919 0.418919 0.000000
