7
1.688.7E.X:8266327-8266445 0.000000 0.134454 0.151261 0.252101 0.252101 0.142857 0.252101
1.688.7E.X:8266450-8266795 0.134454 0.000000 0.069364 0.077151 0.071217 0.008671 0.074184
1.688.7E.X:8266810-8267155 0.151261 0.069364 0.000000 0.053412 0.053412 0.060694 0.050445
1.688.7E.X:8267170-8267506 0.252101 0.077151 0.053412 0.000000 0.005935 0.089021 0.002967
1.688.7E.X:8267530-8267866 0.252101 0.071217 0.053412 0.005935 0.000000 0.083086 0.002967
1.688.7E.X:8267890-8268235 0.142857 0.008671 0.060694 0.089021 0.083086 0.000000 0.086053
1.688.7E.X:8268250-8268586 0.252101 0.074184 0.050445 0.002967 0.002967 0.086053 0.000000
