3
RSP-LIKE.1A.X:117819-117896 0.000000 0.243590 0.730769
RSP-LIKE.1A.X:117898-118061 0.243590 0.000000 0.034783
RSP-LIKE.1A.X:118063-118177 0.730769 0.034783 0.000000
