19
RSP-LIKE.11B.X:12738482-12738559 0.000000 0.269231 0.256410 0.243590 0.269231 0.269231 0.256410 0.269231 0.256410 0.256410 0.525641 0.269231 0.256410 0.269231 0.256410 0.256410 0.525641 0.256410 0.672727
RSP-LIKE.11B.X:12738561-12738724 0.269231 0.000000 0.006098 0.018293 0.032895 0.032895 0.006098 0.012195 0.006098 0.006098 0.021127 0.032895 0.006098 0.012195 0.006098 0.006098 0.021127 0.039474 0.000000
RSP-LIKE.11B.X:12738726-12738889 0.256410 0.006098 0.000000 0.012195 0.039474 0.039474 0.000000 0.006098 0.000000 0.000000 0.021127 0.039474 0.000000 0.006098 0.000000 0.000000 0.021127 0.032895 0.000000
RSP-LIKE.11B.X:12738891-12739054 0.243590 0.018293 0.012195 0.000000 0.052632 0.052632 0.012195 0.018293 0.012195 0.012195 0.007042 0.052632 0.012195 0.018293 0.012195 0.012195 0.007042 0.046053 0.000000
RSP-LIKE.11B.X:12739056-12739207 0.269231 0.032895 0.039474 0.052632 0.000000 0.000000 0.039474 0.046053 0.039474 0.039474 0.140845 0.000000 0.039474 0.046053 0.039474 0.039474 0.140845 0.006579 0.000000
RSP-LIKE.11B.X:12739209-12739360 0.269231 0.032895 0.039474 0.052632 0.000000 0.000000 0.039474 0.046053 0.039474 0.039474 0.140845 0.000000 0.039474 0.046053 0.039474 0.039474 0.140845 0.006579 0.000000
RSP-LIKE.11B.X:12739362-12739525 0.256410 0.006098 0.000000 0.012195 0.039474 0.039474 0.000000 0.006098 0.000000 0.000000 0.021127 0.039474 0.000000 0.006098 0.000000 0.000000 0.021127 0.032895 0.000000
RSP-LIKE.11B.X:12739527-12739690 0.269231 0.012195 0.006098 0.018293 0.046053 0.046053 0.006098 0.000000 0.006098 0.006098 0.028169 0.046053 0.006098 0.000000 0.006098 0.006098 0.028169 0.039474 0.000000
RSP-LIKE.11B.X:12739692-12739855 0.256410 0.006098 0.000000 0.012195 0.039474 0.039474 0.000000 0.006098 0.000000 0.000000 0.021127 0.039474 0.000000 0.006098 0.000000 0.000000 0.021127 0.032895 0.000000
RSP-LIKE.11B.X:12739857-12740020 0.256410 0.006098 0.000000 0.012195 0.039474 0.039474 0.000000 0.006098 0.000000 0.000000 0.021127 0.039474 0.000000 0.006098 0.000000 0.000000 0.021127 0.032895 0.000000
RSP-LIKE.11B.X:12740022-12740163 0.525641 0.021127 0.021127 0.007042 0.140845 0.140845 0.021127 0.028169 0.021127 0.021127 0.000000 0.140845 0.021127 0.028169 0.021127 0.021127 0.000000 0.140845 0.018182
RSP-LIKE.11B.X:12740166-12740317 0.269231 0.032895 0.039474 0.052632 0.000000 0.000000 0.039474 0.046053 0.039474 0.039474 0.140845 0.000000 0.039474 0.046053 0.039474 0.039474 0.140845 0.006579 0.000000
RSP-LIKE.11B.X:12740319-12740482 0.256410 0.006098 0.000000 0.012195 0.039474 0.039474 0.000000 0.006098 0.000000 0.000000 0.021127 0.039474 0.000000 0.006098 0.000000 0.000000 0.021127 0.032895 0.000000
RSP-LIKE.11B.X:12740484-12740647 0.269231 0.012195 0.006098 0.018293 0.046053 0.046053 0.006098 0.000000 0.006098 0.006098 0.028169 0.046053 0.006098 0.000000 0.006098 0.006098 0.028169 0.039474 0.000000
RSP-LIKE.11B.X:12740649-12740812 0.256410 0.006098 0.000000 0.012195 0.039474 0.039474 0.000000 0.006098 0.000000 0.000000 0.021127 0.039474 0.000000 0.006098 0.000000 0.000000 0.021127 0.032895 0.000000
RSP-LIKE.11B.X:12740814-12740977 0.256410 0.006098 0.000000 0.012195 0.039474 0.039474 0.000000 0.006098 0.000000 0.000000 0.021127 0.039474 0.000000 0.006098 0.000000 0.000000 0.021127 0.032895 0.000000
RSP-LIKE.11B.X:12740979-12741120 0.525641 0.021127 0.021127 0.007042 0.140845 0.140845 0.021127 0.028169 0.021127 0.021127 0.000000 0.140845 0.021127 0.028169 0.021127 0.021127 0.000000 0.140845 0.018182
RSP-LIKE.11B.X:12741123-12741274 0.256410 0.039474 0.032895 0.046053 0.006579 0.006579 0.032895 0.039474 0.032895 0.032895 0.140845 0.006579 0.032895 0.039474 0.032895 0.032895 0.140845 0.000000 0.000000
RSP-LIKE.11B.X:12741276-12741330 0.672727 0.000000 0.000000 0.000000 0.000000 0.000000 0.000000 0.000000 0.000000 0.000000 0.018182 0.000000 0.000000 0.000000 0.000000 0.000000 0.018182 0.000000 0.000000
