11
RSP-LIKE.9B.X:10105021-10105175 0.000000 0.000000 0.000000 0.083871 0.000000 0.000000 0.000000 0.083871 0.006452 0.000000 0.384615
RSP-LIKE.9B.X:10105177-10105340 0.000000 0.000000 0.000000 0.038217 0.000000 0.000000 0.000000 0.038217 0.006135 0.000000 0.269231
RSP-LIKE.9B.X:10105342-10105505 0.000000 0.000000 0.000000 0.038217 0.000000 0.000000 0.000000 0.038217 0.006135 0.000000 0.269231
RSP-LIKE.9B.X:10105507-10105663 0.083871 0.038217 0.038217 0.000000 0.044586 0.038217 0.038217 0.000000 0.038217 0.038217 0.269231
RSP-LIKE.9B.X:10105666-10105828 0.000000 0.000000 0.000000 0.044586 0.000000 0.000000 0.000000 0.044586 0.006135 0.000000 0.282051
RSP-LIKE.9B.X:10105830-10105993 0.000000 0.000000 0.000000 0.038217 0.000000 0.000000 0.000000 0.038217 0.006135 0.000000 0.269231
RSP-LIKE.9B.X:10105995-10106158 0.000000 0.000000 0.000000 0.038217 0.000000 0.000000 0.000000 0.038217 0.006135 0.000000 0.269231
RSP-LIKE.9B.X:10106160-10106316 0.083871 0.038217 0.038217 0.000000 0.044586 0.038217 0.038217 0.000000 0.038217 0.038217 0.269231
RSP-LIKE.9B.X:10106319-10106481 0.006452 0.006135 0.006135 0.038217 0.006135 0.006135 0.006135 0.038217 0.000000 0.006135 0.282051
RSP-LIKE.9B.X:10106483-10106646 0.000000 0.000000 0.000000 0.038217 0.000000 0.000000 0.000000 0.038217 0.006135 0.000000 0.269231
RSP-LIKE.9B.X:10106648-10106725 0.384615 0.269231 0.269231 0.269231 0.282051 0.269231 0.269231 0.269231 0.282051 0.269231 0.000000
