9
RSP-LIKE.4F.X:5191811-5191971 0.000000 0.063291 0.012422 0.000000 0.056962 0.006211 0.050633 0.018634 0.084211
RSP-LIKE.4F.X:5191972-5192129 0.063291 0.000000 0.050633 0.063291 0.006329 0.069620 0.037975 0.069620 0.168421
RSP-LIKE.4F.X:5192130-5192293 0.012422 0.050633 0.000000 0.012422 0.044304 0.018634 0.037975 0.030488 0.084211
RSP-LIKE.4F.X:5192294-5192454 0.000000 0.063291 0.012422 0.000000 0.056962 0.006211 0.050633 0.018634 0.084211
RSP-LIKE.4F.X:5192455-5192612 0.056962 0.006329 0.044304 0.056962 0.000000 0.063291 0.031646 0.063291 0.168421
RSP-LIKE.4F.X:5192613-5192773 0.006211 0.069620 0.018634 0.006211 0.063291 0.000000 0.056962 0.012422 0.094737
RSP-LIKE.4F.X:5192774-5192931 0.050633 0.037975 0.037975 0.050633 0.031646 0.056962 0.000000 0.037975 0.178947
RSP-LIKE.4F.X:5192932-5193095 0.018634 0.069620 0.030488 0.018634 0.063291 0.012422 0.037975 0.000000 0.094737
RSP-LIKE.4F.X:5193096-5193190 0.084211 0.168421 0.084211 0.084211 0.168421 0.094737 0.178947 0.094737 0.000000
