12
RSP-LIKE.11A.X:12232421-12232575 0.000000 0.012903 0.012903 0.019355 0.019355 0.006452 0.025806 0.012903 0.109677 0.006452 0.012903 0.104167
RSP-LIKE.11A.X:12232577-12232740 0.012903 0.000000 0.000000 0.006098 0.006098 0.018293 0.012195 0.000000 0.051282 0.018293 0.000000 0.010417
RSP-LIKE.11A.X:12232742-12232905 0.012903 0.000000 0.000000 0.006098 0.006098 0.018293 0.012195 0.000000 0.051282 0.018293 0.000000 0.010417
RSP-LIKE.11A.X:12232907-12233070 0.019355 0.006098 0.006098 0.000000 0.012195 0.024390 0.018293 0.006098 0.044872 0.024390 0.006098 0.020833
RSP-LIKE.11A.X:12233072-12233235 0.019355 0.006098 0.006098 0.012195 0.000000 0.012195 0.006098 0.006098 0.044872 0.012195 0.006098 0.010417
RSP-LIKE.11A.X:12233237-12233400 0.006452 0.018293 0.018293 0.024390 0.012195 0.000000 0.018293 0.018293 0.051282 0.000000 0.018293 0.010417
RSP-LIKE.11A.X:12233402-12233565 0.025806 0.012195 0.012195 0.018293 0.006098 0.018293 0.000000 0.012195 0.051282 0.018293 0.012195 0.020833
RSP-LIKE.11A.X:12233567-12233730 0.012903 0.000000 0.000000 0.006098 0.006098 0.018293 0.012195 0.000000 0.051282 0.018293 0.000000 0.010417
RSP-LIKE.11A.X:12233732-12233887 0.109677 0.051282 0.051282 0.044872 0.044872 0.051282 0.051282 0.051282 0.000000 0.051282 0.051282 0.145833
RSP-LIKE.11A.X:12233889-12234052 0.006452 0.018293 0.018293 0.024390 0.012195 0.000000 0.018293 0.018293 0.051282 0.000000 0.018293 0.010417
RSP-LIKE.11A.X:12234054-12234217 0.012903 0.000000 0.000000 0.006098 0.006098 0.018293 0.012195 0.000000 0.051282 0.018293 0.000000 0.010417
RSP-LIKE.11A.X:12234219-12234314 0.104167 0.010417 0.010417 0.020833 0.010417 0.010417 0.020833 0.010417 0.145833 0.010417 0.010417 0.000000
