3
RSP-LIKE.5D.X:6059816-6059966 0.000000 0.092715 0.092715
RSP-LIKE.5D.X:6060146-6060306 0.092715 0.000000 0.118012
RSP-LIKE.5D.X:6060312-6060472 0.092715 0.118012 0.000000
