3
RSP-LIKE.11A.X:12513661-12513715 0.000000 0.000000 0.687500
RSP-LIKE.11A.X:12513717-12513880 0.000000 0.000000 0.000000
RSP-LIKE.11A.X:12513882-12513929 0.687500 0.000000 0.000000
