7
RSP-LIKE.11A.X:12346361-12346415 0.000000 0.000000 0.018182 0.000000 0.000000 0.000000 0.709091
RSP-LIKE.11A.X:12346417-12346580 0.000000 0.000000 0.012195 0.000000 0.012195 0.006098 0.298701
RSP-LIKE.11A.X:12346582-12346745 0.018182 0.012195 0.000000 0.012195 0.012195 0.006098 0.285714
RSP-LIKE.11A.X:12346747-12346910 0.000000 0.000000 0.012195 0.000000 0.012195 0.006098 0.298701
RSP-LIKE.11A.X:12346912-12347075 0.000000 0.012195 0.012195 0.012195 0.000000 0.006098 0.298701
RSP-LIKE.11A.X:12347077-12347240 0.000000 0.006098 0.006098 0.006098 0.006098 0.000000 0.285714
RSP-LIKE.11A.X:12347242-12347318 0.709091 0.298701 0.285714 0.298701 0.298701 0.285714 0.000000
