6
RSP-LIKE.11C.X:12788391-12788468 0.000000 0.243590 0.243590 0.243590 0.243590 0.657143
RSP-LIKE.11C.X:12788470-12788633 0.243590 0.000000 0.024390 0.036585 0.048780 0.057143
RSP-LIKE.11C.X:12788635-12788798 0.243590 0.024390 0.000000 0.024390 0.042683 0.000000
RSP-LIKE.11C.X:12788800-12788963 0.243590 0.036585 0.024390 0.000000 0.054878 0.028571
RSP-LIKE.11C.X:12788965-12789132 0.243590 0.048780 0.042683 0.054878 0.000000 0.000000
RSP-LIKE.11C.X:12789134-12789168 0.657143 0.057143 0.000000 0.028571 0.000000 0.000000
