6
1.688.6E.X:7017074-7017196 0.000000 0.243902 0.113821 0.105691 0.105691 0.105691
1.688.6E.X:7017241-7017554 0.243902 0.000000 0.198718 0.149682 0.149682 0.149682
1.688.6E.X:7017599-7017910 0.113821 0.198718 0.000000 0.060897 0.060897 0.060897
1.688.6E.X:7017954-7018267 0.105691 0.149682 0.060897 0.000000 0.000000 0.000000
1.688.6E.X:7018311-7018624 0.105691 0.149682 0.060897 0.000000 0.000000 0.000000
1.688.6E.X:7018668-7018981 0.105691 0.149682 0.060897 0.000000 0.000000 0.000000
