6
1.688.7F.X:8611681-8611910 0.000000 0.073913 0.165217 0.139130 0.139130 0.600000
1.688.7F.X:8611931-8612267 0.073913 0.000000 0.080119 0.086053 0.083086 0.158537
1.688.7F.X:8612288-8612625 0.165217 0.080119 0.000000 0.062130 0.071006 0.146341
1.688.7F.X:8612637-8612983 0.139130 0.086053 0.062130 0.000000 0.008646 0.138211
1.688.7F.X:8612995-8613341 0.139130 0.083086 0.071006 0.008646 0.000000 0.142276
1.688.7F.X:8613343-8613588 0.600000 0.158537 0.146341 0.138211 0.142276 0.000000
