7
1.688.10B.X:11271307-11271474 0.000000 0.035714 0.017857 0.035714 0.226190 0.142857 0.738095
1.688.10B.X:11271479-11271830 0.035714 0.000000 0.056548 0.000000 0.024465 0.272300 0.532544
1.688.10B.X:11271854-11272189 0.017857 0.056548 0.000000 0.056548 0.128440 0.258216 0.485207
1.688.10B.X:11272194-11272545 0.035714 0.000000 0.056548 0.000000 0.024465 0.272300 0.532544
1.688.10B.X:11272552-11272878 0.226190 0.024465 0.128440 0.024465 0.000000 0.370892 0.532544
1.688.10B.X:11273071-11273283 0.142857 0.272300 0.258216 0.272300 0.370892 0.000000 0.704142
1.688.10B.X:11273301-11273469 0.738095 0.532544 0.485207 0.532544 0.532544 0.704142 0.000000
