25
1.688.7C.X:7812966-7813323 0.000000 0.084270 0.058824 0.078873 0.014006 0.061625 0.019608 0.016807 0.016807 0.081461 0.050420 0.072626 0.050420 0.036415 0.072626 0.084270 0.050420 0.014006 0.014006 0.081461 0.050420 0.036415 0.061972 0.064426 0.053846
1.688.7C.X:7813325-7813680 0.084270 0.000000 0.030899 0.025352 0.070225 0.047753 0.078652 0.073034 0.073034 0.002809 0.081461 0.036517 0.081461 0.067416 0.036517 0.005618 0.081461 0.070225 0.070225 0.002809 0.081461 0.067416 0.036620 0.036517 0.061538
1.688.7C.X:7813681-7814037 0.058824 0.030899 0.000000 0.030986 0.044818 0.022409 0.053221 0.047619 0.047619 0.028090 0.050420 0.030812 0.050420 0.042017 0.030812 0.025281 0.050420 0.044818 0.044818 0.028090 0.050420 0.042017 0.042254 0.011204 0.069231
1.688.7C.X:7814039-7814393 0.078873 0.025352 0.030986 0.000000 0.064789 0.047887 0.073239 0.067606 0.067606 0.022535 0.073239 0.056338 0.073239 0.061972 0.056338 0.025352 0.073239 0.064789 0.064789 0.022535 0.073239 0.061972 0.028169 0.019718 0.053846
1.688.7C.X:7814395-7814751 0.014006 0.070225 0.044818 0.064789 0.000000 0.047619 0.005602 0.002801 0.002801 0.067416 0.036415 0.056022 0.036415 0.022409 0.056022 0.070225 0.036415 0.000000 0.000000 0.067416 0.036415 0.022409 0.047887 0.050420 0.053846
1.688.7C.X:7814753-7815109 0.061625 0.047753 0.022409 0.047887 0.047619 0.000000 0.056022 0.050420 0.050420 0.044944 0.047619 0.008403 0.047619 0.033613 0.008403 0.047753 0.047619 0.047619 0.047619 0.044944 0.047619 0.033613 0.059155 0.028011 0.069231
1.688.7C.X:7815111-7815467 0.019608 0.078652 0.053221 0.073239 0.005602 0.056022 0.000000 0.008403 0.008403 0.075843 0.042017 0.064426 0.042017 0.028011 0.064426 0.078652 0.042017 0.005602 0.005602 0.075843 0.042017 0.028011 0.056338 0.058824 0.053846
1.688.7C.X:7815469-7815825 0.016807 0.073034 0.047619 0.067606 0.002801 0.050420 0.008403 0.000000 0.005602 0.070225 0.039216 0.058824 0.039216 0.025210 0.058824 0.073034 0.039216 0.002801 0.002801 0.070225 0.039216 0.025210 0.050704 0.053221 0.061538
1.688.7C.X:7815827-7816183 0.016807 0.073034 0.047619 0.067606 0.002801 0.050420 0.008403 0.005602 0.000000 0.070225 0.039216 0.058824 0.039216 0.025210 0.058824 0.073034 0.039216 0.002801 0.002801 0.070225 0.039216 0.025210 0.050704 0.053221 0.053846
1.688.7C.X:7816185-7816540 0.081461 0.002809 0.028090 0.022535 0.067416 0.044944 0.075843 0.070225 0.070225 0.000000 0.078652 0.033708 0.078652 0.064607 0.033708 0.002809 0.078652 0.067416 0.067416 0.000000 0.078652 0.064607 0.033803 0.033708 0.061538
1.688.7C.X:7816541-7816897 0.050420 0.081461 0.050420 0.073239 0.036415 0.047619 0.042017 0.039216 0.039216 0.078652 0.000000 0.056022 0.000000 0.014006 0.056022 0.075843 0.000000 0.036415 0.036415 0.078652 0.000000 0.014006 0.056338 0.058824 0.084615
1.688.7C.X:7816899-7817256 0.072626 0.036517 0.030812 0.056338 0.056022 0.008403 0.064426 0.058824 0.058824 0.033708 0.056022 0.000000 0.056022 0.042017 0.000000 0.036517 0.056022 0.056022 0.056022 0.033708 0.056022 0.042017 0.067606 0.036415 0.069231
1.688.7C.X:7817257-7817613 0.050420 0.081461 0.050420 0.073239 0.036415 0.047619 0.042017 0.039216 0.039216 0.078652 0.000000 0.056022 0.000000 0.014006 0.056022 0.075843 0.000000 0.036415 0.036415 0.078652 0.000000 0.014006 0.056338 0.058824 0.084615
1.688.7C.X:7817615-7817971 0.036415 0.067416 0.042017 0.061972 0.022409 0.033613 0.028011 0.025210 0.025210 0.064607 0.014006 0.042017 0.014006 0.000000 0.042017 0.067416 0.014006 0.022409 0.022409 0.064607 0.014006 0.000000 0.045070 0.047619 0.053846
1.688.7C.X:7817973-7818330 0.072626 0.036517 0.030812 0.056338 0.056022 0.008403 0.064426 0.058824 0.058824 0.033708 0.056022 0.000000 0.056022 0.042017 0.000000 0.036517 0.056022 0.056022 0.056022 0.033708 0.056022 0.042017 0.067606 0.036415 0.069231
1.688.7C.X:7818331-7818686 0.084270 0.005618 0.025281 0.025352 0.070225 0.047753 0.078652 0.073034 0.073034 0.002809 0.075843 0.036517 0.075843 0.067416 0.036517 0.000000 0.075843 0.070225 0.070225 0.002809 0.075843 0.067416 0.036620 0.036517 0.069231
1.688.7C.X:7818687-7819043 0.050420 0.081461 0.050420 0.073239 0.036415 0.047619 0.042017 0.039216 0.039216 0.078652 0.000000 0.056022 0.000000 0.014006 0.056022 0.075843 0.000000 0.036415 0.036415 0.078652 0.000000 0.014006 0.056338 0.058824 0.084615
1.688.7C.X:7819045-7819401 0.014006 0.070225 0.044818 0.064789 0.000000 0.047619 0.005602 0.002801 0.002801 0.067416 0.036415 0.056022 0.036415 0.022409 0.056022 0.070225 0.036415 0.000000 0.000000 0.067416 0.036415 0.022409 0.047887 0.050420 0.053846
1.688.7C.X:7819403-7819759 0.014006 0.070225 0.044818 0.064789 0.000000 0.047619 0.005602 0.002801 0.002801 0.067416 0.036415 0.056022 0.036415 0.022409 0.056022 0.070225 0.036415 0.000000 0.000000 0.067416 0.036415 0.022409 0.047887 0.050420 0.053846
1.688.7C.X:7819761-7820116 0.081461 0.002809 0.028090 0.022535 0.067416 0.044944 0.075843 0.070225 0.070225 0.000000 0.078652 0.033708 0.078652 0.064607 0.033708 0.002809 0.078652 0.067416 0.067416 0.000000 0.078652 0.064607 0.033803 0.033708 0.061538
1.688.7C.X:7820117-7820473 0.050420 0.081461 0.050420 0.073239 0.036415 0.047619 0.042017 0.039216 0.039216 0.078652 0.000000 0.056022 0.000000 0.014006 0.056022 0.075843 0.000000 0.036415 0.036415 0.078652 0.000000 0.014006 0.056338 0.058824 0.084615
1.688.7C.X:7820475-7820831 0.036415 0.067416 0.042017 0.061972 0.022409 0.033613 0.028011 0.025210 0.025210 0.064607 0.014006 0.042017 0.014006 0.000000 0.042017 0.067416 0.014006 0.022409 0.022409 0.064607 0.014006 0.000000 0.045070 0.047619 0.053846
1.688.7C.X:7820833-7821187 0.061972 0.036620 0.042254 0.028169 0.047887 0.059155 0.056338 0.050704 0.050704 0.033803 0.056338 0.067606 0.056338 0.045070 0.067606 0.036620 0.056338 0.047887 0.047887 0.033803 0.056338 0.045070 0.000000 0.042254 0.053846
1.688.7C.X:7821189-7821545 0.064426 0.036517 0.011204 0.019718 0.050420 0.028011 0.058824 0.053221 0.053221 0.033708 0.058824 0.036415 0.058824 0.047619 0.036415 0.036517 0.058824 0.050420 0.050420 0.033708 0.058824 0.047619 0.042254 0.000000 0.053846
1.688.7C.X:7821547-7821676 0.053846 0.061538 0.069231 0.053846 0.053846 0.069231 0.053846 0.061538 0.053846 0.061538 0.084615 0.069231 0.084615 0.053846 0.069231 0.069231 0.084615 0.053846 0.053846 0.061538 0.084615 0.053846 0.053846 0.053846 0.000000
