14
1.688.3A.X:2420022-2420089 0.000000 0.000000 0.058824 0.029412 0.058824 0.058824 0.029412 0.044118 0.029412 0.029412 0.058824 0.058824 0.058824 0.676471
1.688.3A.X:2420149-2420461 0.000000 0.000000 0.057508 0.015974 0.044728 0.028754 0.019169 0.022364 0.025559 0.022364 0.028754 0.044728 0.047923 0.043750
1.688.3A.X:2420507-2420820 0.058824 0.057508 0.000000 0.057508 0.015974 0.054313 0.060703 0.054313 0.073482 0.070288 0.054313 0.015974 0.019169 0.043750
1.688.3A.X:2420866-2421178 0.029412 0.015974 0.057508 0.000000 0.044728 0.022364 0.003195 0.015974 0.015974 0.012780 0.015974 0.044728 0.041534 0.043750
1.688.3A.X:2421223-2421535 0.058824 0.044728 0.015974 0.044728 0.000000 0.038339 0.047923 0.041534 0.057508 0.057508 0.041534 0.000000 0.003195 0.043750
1.688.3A.X:2421581-2421893 0.058824 0.028754 0.054313 0.022364 0.038339 0.000000 0.025559 0.012780 0.019169 0.028754 0.012780 0.038339 0.035144 0.043750
1.688.3A.X:2421939-2422251 0.029412 0.019169 0.060703 0.003195 0.047923 0.025559 0.000000 0.019169 0.019169 0.015974 0.019169 0.047923 0.044728 0.043750
1.688.3A.X:2422297-2422609 0.044118 0.022364 0.054313 0.015974 0.041534 0.012780 0.019169 0.000000 0.025559 0.022364 0.012780 0.041534 0.038339 0.043750
1.688.3A.X:2422654-2422966 0.029412 0.025559 0.073482 0.015974 0.057508 0.019169 0.019169 0.025559 0.000000 0.009585 0.025559 0.057508 0.054313 0.050000
1.688.3A.X:2423012-2423324 0.029412 0.022364 0.070288 0.012780 0.057508 0.028754 0.015974 0.022364 0.009585 0.000000 0.015974 0.057508 0.054313 0.050000
1.688.3A.X:2423370-2423682 0.058824 0.028754 0.054313 0.015974 0.041534 0.012780 0.019169 0.012780 0.025559 0.015974 0.000000 0.041534 0.038339 0.050000
1.688.3A.X:2423727-2424039 0.058824 0.044728 0.015974 0.044728 0.000000 0.038339 0.047923 0.041534 0.057508 0.057508 0.041534 0.000000 0.003195 0.043750
1.688.3A.X:2424085-2424397 0.058824 0.047923 0.019169 0.041534 0.003195 0.035144 0.044728 0.038339 0.054313 0.054313 0.038339 0.003195 0.000000 0.037500
1.688.3A.X:2424442-2424601 0.676471 0.043750 0.043750 0.043750 0.043750 0.043750 0.043750 0.043750 0.050000 0.050000 0.050000 0.043750 0.037500 0.000000
