7
1.688.8F.X:9623304-9623508 0.000000 0.092683 0.097561 0.092683 0.092683 0.092683 0.097561
1.688.8F.X:9623818-9624176 0.092683 0.000000 0.025070 0.019499 0.000000 0.013928 0.016713
1.688.8F.X:9624177-9624535 0.097561 0.025070 0.000000 0.022284 0.025070 0.011142 0.008357
1.688.8F.X:9624536-9624894 0.092683 0.019499 0.022284 0.000000 0.019499 0.033426 0.030641
1.688.8F.X:9624895-9625253 0.092683 0.000000 0.025070 0.019499 0.000000 0.013928 0.016713
1.688.8F.X:9625254-9625612 0.092683 0.013928 0.011142 0.033426 0.013928 0.000000 0.002786
1.688.8F.X:9625613-9625971 0.097561 0.016713 0.008357 0.030641 0.016713 0.002786 0.000000
