7
1.688.11A.X:12336317-12336508 0.000000 0.296875 0.307292 0.671875 0.182292 0.302083 0.281250
1.688.11A.X:12336514-12336847 0.296875 0.000000 0.005988 0.046296 0.089147 0.056886 0.026946
1.688.11A.X:12336875-12337208 0.307292 0.005988 0.000000 0.041667 0.093023 0.059880 0.026946
1.688.11A.X:12337236-12337451 0.671875 0.046296 0.041667 0.000000 0.486111 0.009259 0.013889
1.688.11A.X:12337509-12337766 0.182292 0.089147 0.093023 0.486111 0.000000 0.151163 0.112403
1.688.11A.X:12337772-12338106 0.302083 0.056886 0.059880 0.009259 0.151163 0.000000 0.029851
1.688.11A.X:12338133-12338467 0.281250 0.026946 0.026946 0.013889 0.112403 0.029851 0.000000
