9
1.688.11C.X:12794971-12795330 0.000000 0.019499 0.005556 0.000000 0.038889 0.002778 0.016667 0.022222 0.190083
1.688.11C.X:12795331-12795689 0.019499 0.000000 0.019499 0.019499 0.016713 0.016713 0.025070 0.030641 0.239669
1.688.11C.X:12795690-12796049 0.005556 0.019499 0.000000 0.005556 0.033333 0.002778 0.016667 0.022222 0.190083
1.688.11C.X:12796050-12796409 0.000000 0.019499 0.005556 0.000000 0.038889 0.002778 0.016667 0.022222 0.190083
1.688.11C.X:12796410-12796769 0.038889 0.016713 0.033333 0.038889 0.000000 0.036111 0.044444 0.050000 0.239669
1.688.11C.X:12796770-12797129 0.002778 0.016713 0.002778 0.002778 0.036111 0.000000 0.013889 0.019444 0.190083
1.688.11C.X:12797130-12797489 0.016667 0.025070 0.016667 0.016667 0.044444 0.013889 0.000000 0.005556 0.157025
1.688.11C.X:12797490-12797849 0.022222 0.030641 0.022222 0.022222 0.050000 0.019444 0.005556 0.000000 0.140496
1.688.11C.X:12797850-12797970 0.190083 0.239669 0.190083 0.190083 0.239669 0.190083 0.157025 0.140496 0.000000
