11
1.688.8A.X:8698963-8699195 0.000000 0.364807 0.373391 0.369099 0.339056 0.364807 0.364807 0.373391 0.381974 0.386266 0.720721
1.688.8A.X:8699211-8699570 0.364807 0.000000 0.030641 0.022222 0.016667 0.064067 0.033333 0.016667 0.047222 0.053824 0.090090
1.688.8A.X:8699571-8699929 0.373391 0.030641 0.000000 0.016713 0.047354 0.064067 0.030641 0.030641 0.058496 0.065156 0.126126
1.688.8A.X:8699930-8700289 0.369099 0.022222 0.016713 0.000000 0.033333 0.047354 0.016667 0.016667 0.044444 0.048159 0.081081
1.688.8A.X:8700290-8700649 0.339056 0.016667 0.047354 0.033333 0.000000 0.055710 0.033333 0.022222 0.052778 0.050992 0.108108
1.688.8A.X:8700650-8701008 0.364807 0.064067 0.064067 0.047354 0.055710 0.000000 0.038997 0.058496 0.069638 0.079320 0.090090
1.688.8A.X:8701009-8701368 0.364807 0.033333 0.030641 0.016667 0.033333 0.038997 0.000000 0.027778 0.047222 0.056657 0.090090
1.688.8A.X:8701369-8701728 0.373391 0.016667 0.030641 0.016667 0.022222 0.058496 0.027778 0.000000 0.041667 0.045326 0.108108
1.688.8A.X:8701729-8702088 0.381974 0.047222 0.058496 0.044444 0.052778 0.069638 0.047222 0.041667 0.000000 0.050992 0.117117
1.688.8A.X:8702090-8702442 0.386266 0.053824 0.065156 0.048159 0.050992 0.079320 0.056657 0.045326 0.050992 0.000000 0.126126
1.688.8A.X:8702449-8702559 0.720721 0.090090 0.126126 0.081081 0.108108 0.090090 0.090090 0.108108 0.117117 0.126126 0.000000
