6
1.688.11F.X:13360700-13360965 0.000000 0.225564 0.225564 0.263158 0.270677 0.680272
1.688.11F.X:13360966-13361325 0.225564 0.000000 0.016667 0.180556 0.008596 0.346939
1.688.11F.X:13361326-13361685 0.225564 0.016667 0.000000 0.183333 0.025788 0.346939
1.688.11F.X:13361686-13362045 0.263158 0.180556 0.183333 0.000000 0.183381 0.340136
1.688.11F.X:13362046-13362394 0.270677 0.008596 0.025788 0.183381 0.000000 0.340136
1.688.11F.X:13362419-13362565 0.680272 0.346939 0.346939 0.340136 0.340136 0.000000
