13
1.688.6E.X:6953087-6953244 0.000000 0.025316 0.031646 0.025316 0.031646 0.063291 0.037975 0.031646 0.031646 0.025316 0.025316 0.088608 0.594595
1.688.6E.X:6953292-6953605 0.025316 0.000000 0.066879 0.025478 0.066879 0.035032 0.076433 0.028662 0.028662 0.015924 0.025478 0.026316 0.121622
1.688.6E.X:6953650-6953964 0.031646 0.066879 0.000000 0.047771 0.000000 0.073016 0.057325 0.050955 0.050955 0.050955 0.047771 0.049342 0.067568
1.688.6E.X:6954009-6954322 0.025316 0.025478 0.047771 0.000000 0.047771 0.038217 0.063694 0.003185 0.003185 0.019108 0.000000 0.000000 0.094595
1.688.6E.X:6954367-6954681 0.031646 0.066879 0.000000 0.047771 0.000000 0.073016 0.057325 0.050955 0.050955 0.050955 0.047771 0.049342 0.067568
1.688.6E.X:6954726-6955040 0.063291 0.035032 0.073016 0.038217 0.073016 0.000000 0.085987 0.035032 0.035032 0.019108 0.038217 0.039474 0.067568
1.688.6E.X:6955085-6955398 0.037975 0.076433 0.057325 0.063694 0.057325 0.085987 0.000000 0.060510 0.060510 0.073248 0.063694 0.065789 0.094595
1.688.6E.X:6955443-6955756 0.031646 0.028662 0.050955 0.003185 0.050955 0.035032 0.060510 0.000000 0.000000 0.022293 0.003185 0.003289 0.094595
1.688.6E.X:6955801-6956114 0.031646 0.028662 0.050955 0.003185 0.050955 0.035032 0.060510 0.000000 0.000000 0.022293 0.003185 0.003289 0.094595
1.688.6E.X:6956159-6956472 0.025316 0.015924 0.050955 0.019108 0.050955 0.019108 0.073248 0.022293 0.022293 0.000000 0.019108 0.019737 0.067568
1.688.6E.X:6956520-6956833 0.025316 0.025478 0.047771 0.000000 0.047771 0.038217 0.063694 0.003185 0.003185 0.019108 0.000000 0.000000 0.094595
1.688.6E.X:6956878-6957181 0.088608 0.026316 0.049342 0.000000 0.049342 0.039474 0.065789 0.003289 0.003289 0.019737 0.000000 0.000000 0.094595
1.688.6E.X:6957246-6957319 0.594595 0.121622 0.067568 0.094595 0.067568 0.067568 0.094595 0.094595 0.094595 0.067568 0.094595 0.094595 0.000000
