4
RSP-LIKE.3A.X:2426474-2426626 0.000000 0.026144 0.026144 0.071895
RSP-LIKE.3A.X:2426628-2426780 0.026144 0.000000 0.000000 0.058824
RSP-LIKE.3A.X:2426782-2426934 0.026144 0.000000 0.000000 0.058824
RSP-LIKE.3A.X:2426936-2427088 0.071895 0.058824 0.058824 0.000000
