3
RSP-LIKE.10D.X:11706192-11706277 0.000000 0.534884 0.717949
RSP-LIKE.10D.X:11706297-11706384 0.534884 0.000000 0.717949
RSP-LIKE.10D.X:11706392-11706430 0.717949 0.717949 0.000000
