6
1.688.9E.X:10710708-10711063 0.000000 0.014925 0.041916 0.107345 0.104520 0.125356
1.688.9E.X:10711088-10711422 0.014925 0.000000 0.026946 0.059701 0.056716 0.086567
1.688.9E.X:10711447-10711780 0.041916 0.026946 0.000000 0.080838 0.077844 0.062874
1.688.9E.X:10711820-10712173 0.107345 0.059701 0.080838 0.000000 0.050847 0.037037
1.688.9E.X:10712416-10712769 0.104520 0.056716 0.077844 0.050847 0.000000 0.068376
1.688.9E.X:10712775-10713125 0.125356 0.086567 0.062874 0.037037 0.068376 0.000000
