9
1.688.9B.X:10159958-10160109 0.000000 0.151316 0.151316 0.151316 0.151316 0.151316 0.098684 0.302632 0.729167
1.688.9B.X:10160479-10160837 0.151316 0.000000 0.000000 0.000000 0.000000 0.000000 0.025140 0.246377 0.513889
1.688.9B.X:10160838-10161196 0.151316 0.000000 0.000000 0.000000 0.000000 0.000000 0.025140 0.246377 0.513889
1.688.9B.X:10161556-10161914 0.151316 0.000000 0.000000 0.000000 0.000000 0.000000 0.025140 0.246377 0.513889
1.688.9B.X:10161915-10162273 0.151316 0.000000 0.000000 0.000000 0.000000 0.000000 0.025140 0.246377 0.513889
1.688.9B.X:10162633-10162991 0.151316 0.000000 0.000000 0.000000 0.000000 0.000000 0.025140 0.246377 0.513889
1.688.9B.X:10162992-10163349 0.098684 0.025140 0.025140 0.025140 0.025140 0.025140 0.000000 0.240580 0.513889
1.688.9B.X:10163351-10163695 0.302632 0.246377 0.246377 0.246377 0.246377 0.246377 0.240580 0.000000 0.548611
1.688.9B.X:10163717-10163860 0.729167 0.513889 0.513889 0.513889 0.513889 0.513889 0.513889 0.548611 0.000000
