15
1.688.5C.X:5815310-5815434 0.000000 0.544000 0.536000 0.552000 0.552000 0.704000 0.520000 0.576000 0.592000 0.576000 0.520000 0.528000 0.520000 0.608000 0.680000
1.688.5C.X:5815437-5815769 0.544000 0.000000 0.045181 0.051988 0.045732 0.040816 0.051360 0.066465 0.066327 0.078788 0.063063 0.039157 0.042169 0.043478 0.292135
1.688.5C.X:5815798-5816129 0.536000 0.045181 0.000000 0.036697 0.006098 0.003401 0.024169 0.027190 0.076531 0.045455 0.021084 0.012048 0.009036 0.031056 0.280899
1.688.5C.X:5816158-5816484 0.552000 0.051988 0.036697 0.000000 0.030581 0.037415 0.012232 0.061162 0.086735 0.076453 0.045872 0.030581 0.039755 0.046584 0.286517
1.688.5C.X:5816517-5816844 0.552000 0.045732 0.006098 0.030581 0.000000 0.000000 0.027439 0.030488 0.071429 0.051829 0.021341 0.012195 0.009146 0.027950 0.280899
1.688.5C.X:5816877-5817170 0.704000 0.040816 0.003401 0.037415 0.000000 0.000000 0.027211 0.010204 0.198980 0.034014 0.017007 0.010204 0.006803 0.020408 0.280899
1.688.5C.X:5817196-5817526 0.520000 0.051360 0.024169 0.012232 0.027439 0.027211 0.000000 0.048338 0.071429 0.060606 0.033233 0.030211 0.027190 0.052795 0.269663
1.688.5C.X:5817555-5817885 0.576000 0.066465 0.027190 0.061162 0.030488 0.010204 0.048338 0.000000 0.081633 0.063636 0.036254 0.033233 0.024169 0.040373 0.275281
1.688.5C.X:5817921-5818116 0.592000 0.066327 0.076531 0.086735 0.071429 0.198980 0.071429 0.081633 0.000000 0.137755 0.091837 0.086735 0.071429 0.091837 0.595506
1.688.5C.X:5818158-5818487 0.576000 0.078788 0.045455 0.076453 0.051829 0.034014 0.060606 0.063636 0.137755 0.000000 0.036364 0.048485 0.036364 0.071429 0.264045
1.688.5C.X:5818513-5818847 0.520000 0.063063 0.021084 0.045872 0.021341 0.017007 0.033233 0.036254 0.091837 0.036364 0.000000 0.021084 0.018072 0.037267 0.252809
1.688.5C.X:5818876-5819207 0.528000 0.039157 0.012048 0.030581 0.012195 0.010204 0.030211 0.033233 0.086735 0.048485 0.021084 0.000000 0.015060 0.021739 0.292135
1.688.5C.X:5819236-5819567 0.520000 0.042169 0.009036 0.039755 0.009146 0.006803 0.027190 0.024169 0.071429 0.036364 0.018072 0.015060 0.000000 0.027950 0.275281
1.688.5C.X:5819593-5819914 0.608000 0.043478 0.031056 0.046584 0.027950 0.020408 0.052795 0.040373 0.091837 0.071429 0.037267 0.021739 0.027950 0.000000 0.264045
1.688.5C.X:5819954-5820131 0.680000 0.292135 0.280899 0.286517 0.280899 0.280899 0.269663 0.275281 0.595506 0.264045 0.252809 0.292135 0.275281 0.264045 0.000000
