9
1.688.2E.X:2175673-2175965 0.000000 0.034130 0.047782 0.023891 0.044369 0.047782 0.040956 0.312500 0.061433
1.688.2E.X:2175976-2176323 0.034130 0.000000 0.043228 0.028818 0.017241 0.022989 0.014368 0.011364 0.054545
1.688.2E.X:2176334-2176680 0.047782 0.043228 0.000000 0.063401 0.025937 0.046110 0.028818 0.079545 0.033333
1.688.2E.X:2176691-2177037 0.023891 0.028818 0.063401 0.000000 0.034582 0.025937 0.031700 0.011364 0.063636
1.688.2E.X:2177048-2177395 0.044369 0.017241 0.025937 0.034582 0.000000 0.025862 0.002874 0.028409 0.036364
1.688.2E.X:2177406-2177753 0.047782 0.022989 0.046110 0.025937 0.025862 0.000000 0.022989 0.000000 0.045455
1.688.2E.X:2177764-2178111 0.040956 0.014368 0.028818 0.031700 0.002874 0.022989 0.000000 0.022727 0.039394
1.688.2E.X:2178122-2178297 0.312500 0.011364 0.079545 0.011364 0.028409 0.000000 0.022727 0.000000 0.181818
1.688.2E.X:2178718-2179047 0.061433 0.054545 0.033333 0.063636 0.036364 0.045455 0.039394 0.181818 0.000000
