6
1.688.10A.X:11075830-11075972 0.000000 0.342657 0.307692 0.678322 0.454545 0.671329
1.688.10A.X:11075996-11076346 0.342657 0.000000 0.148810 0.309859 0.384868 0.305164
1.688.10A.X:11076348-11076683 0.307692 0.148810 0.000000 0.323944 0.322368 0.309859
1.688.10A.X:11076701-11076913 0.678322 0.309859 0.323944 0.000000 0.525822 0.028169
1.688.10A.X:11077533-11077836 0.454545 0.384868 0.322368 0.525822 0.000000 0.530516
1.688.10A.X:11077854-11078066 0.671329 0.305164 0.309859 0.028169 0.530516 0.000000
