56
1.688.13F.X:15831581-15831900 0.000000 0.096875 0.018750 0.115625 0.081250 0.062500 0.277311 0.078125 0.078125 0.065625 0.081250 0.190625 0.277311 0.078125 0.100000 0.031250 0.065625 0.093750 0.277311 0.056250 0.125000 0.106250 0.028125 0.071875 0.065625 0.037500 0.065625 0.068750 0.219331 0.115152 0.081250 0.071875 0.075000 0.075000 0.081250 0.071875 0.018750 0.031250 0.053125 0.059375 0.118750 0.146875 0.021875 0.028125 0.029412 0.034375 0.034375 0.040625 0.025000 0.028125 0.029412 0.028125 0.031250 0.025000 0.040625 0.304659
1.688.13F.X:15831901-15832234 0.096875 0.000000 0.116766 0.074850 0.053892 0.146707 0.016807 0.134557 0.036036 0.155689 0.051360 0.263473 0.016807 0.134557 0.054217 0.062874 0.155689 0.057229 0.016807 0.131098 0.068862 0.056886 0.053892 0.033033 0.152695 0.128743 0.152695 0.149701 0.219331 0.121212 0.161094 0.141538 0.149701 0.161677 0.161094 0.141538 0.050898 0.119760 0.140719 0.152695 0.203593 0.179641 0.056886 0.068862 0.052941 0.068862 0.068862 0.071856 0.056886 0.068862 0.052941 0.062874 0.068862 0.059880 0.140719 0.297491
1.688.13F.X:15832237-15832587 0.018750 0.116766 0.000000 0.128743 0.092814 0.065527 0.176471 0.088685 0.093093 0.091168 0.090634 0.148810 0.176471 0.088685 0.111446 0.059829 0.079772 0.105422 0.176471 0.070122 0.146269 0.125749 0.096866 0.090090 0.088319 0.094017 0.119658 0.113960 0.178439 0.103030 0.100304 0.076923 0.097701 0.108262 0.100304 0.076923 0.048433 0.056980 0.071225 0.088319 0.139601 0.183140 0.094017 0.099715 0.017647 0.105413 0.108262 0.113960 0.099715 0.099715 0.017647 0.099715 0.105413 0.096866 0.113960 0.286738
1.688.13F.X:15832588-15832921 0.115625 0.074850 0.128743 0.000000 0.074850 0.101796 0.042017 0.091743 0.057057 0.098802 0.069486 0.221557 0.042017 0.091743 0.075301 0.083832 0.107784 0.078313 0.042017 0.088415 0.041916 0.035928 0.071856 0.054054 0.137725 0.098802 0.146707 0.140719 0.219331 0.109091 0.155015 0.147692 0.152695 0.149701 0.155015 0.147692 0.071856 0.110778 0.137725 0.176647 0.194611 0.170659 0.077844 0.083832 0.082353 0.086826 0.089820 0.092814 0.077844 0.083832 0.082353 0.080838 0.089820 0.080838 0.161677 0.290323
1.688.13F.X:15832922-15833255 0.081250 0.053892 0.092814 0.074850 0.000000 0.116766 0.075630 0.119266 0.039039 0.143713 0.000000 0.236527 0.075630 0.119266 0.057229 0.110778 0.128743 0.057229 0.075630 0.115854 0.080838 0.059880 0.107784 0.036036 0.131737 0.113772 0.134731 0.143713 0.260223 0.103030 0.151976 0.135385 0.143713 0.083832 0.151976 0.135385 0.101796 0.101796 0.122754 0.146707 0.185629 0.170659 0.116766 0.122754 0.029412 0.128743 0.125749 0.125749 0.116766 0.122754 0.029412 0.122754 0.128743 0.119760 0.137725 0.304659
1.688.13F.X:15833256-15833608 0.062500 0.146707 0.065527 0.101796 0.116766 0.000000 0.176471 0.061162 0.132132 0.096317 0.114804 0.071429 0.176471 0.061162 0.150602 0.118980 0.062323 0.147590 0.176471 0.042683 0.119403 0.113772 0.127479 0.126126 0.093484 0.118980 0.124646 0.130312 0.189591 0.103030 0.109422 0.101538 0.109195 0.110482 0.109422 0.101538 0.073654 0.059490 0.073654 0.116147 0.150142 0.191860 0.118980 0.124646 0.082353 0.130312 0.133144 0.138810 0.124646 0.124646 0.082353 0.124646 0.135977 0.121813 0.138810 0.240143
1.688.13F.X:15833609-15833727 0.277311 0.016807 0.176471 0.042017 0.075630 0.176471 0.000000 0.285714 0.008403 0.100840 0.092437 0.260504 0.000000 0.277311 0.008403 0.092437 0.117647 0.067227 0.000000 0.260504 0.025210 0.016807 0.067227 0.016807 0.134454 0.117647 0.134454 0.100840 0.126050 0.705882 0.277311 0.277311 0.117647 0.126050 0.277311 0.277311 0.075630 0.100840 0.109244 0.050420 0.050420 0.117647 0.058824 0.075630 0.663866 0.084034 0.075630 0.067227 0.058824 0.075630 0.663866 0.067227 0.067227 0.058824 0.058824 0.109244
1.688.13F.X:15833719-15834045 0.078125 0.134557 0.088685 0.091743 0.119266 0.061162 0.285714 0.000000 0.122324 0.039755 0.119266 0.186544 0.285714 0.006116 0.143731 0.064220 0.051988 0.143731 0.285714 0.027523 0.103976 0.097859 0.061162 0.116208 0.100917 0.100917 0.094801 0.100917 0.249071 0.096970 0.088685 0.086154 0.116208 0.103976 0.088685 0.086154 0.076453 0.064220 0.085627 0.116208 0.119266 0.177370 0.073394 0.079511 0.070588 0.085627 0.082569 0.088685 0.073394 0.079511 0.070588 0.079511 0.085627 0.076453 0.094801 0.308244
1.688.13F.X:15834046-15834378 0.078125 0.036036 0.093093 0.057057 0.039039 0.132132 0.008403 0.122324 0.000000 0.138138 0.039275 0.258258 0.008403 0.122324 0.018072 0.108108 0.144144 0.039157 0.008403 0.118902 0.060060 0.045045 0.105105 0.015015 0.138138 0.066066 0.090090 0.135135 0.204461 0.103030 0.151976 0.126154 0.132132 0.096096 0.151976 0.126154 0.102102 0.105105 0.126126 0.138138 0.183183 0.171171 0.105105 0.111111 0.017647 0.117117 0.048048 0.051051 0.036036 0.111111 0.017647 0.111111 0.039039 0.108108 0.057057 0.279570
1.688.13F.X:15834379-15834737 0.065625 0.155689 0.091168 0.098802 0.143713 0.096317 0.100840 0.039755 0.138138 0.000000 0.135952 0.178571 0.100840 0.039755 0.156627 0.041899 0.050847 0.156627 0.100840 0.027439 0.068657 0.116766 0.119777 0.132132 0.109244 0.125348 0.094708 0.083565 0.167286 0.115152 0.088146 0.080000 0.137931 0.138810 0.088146 0.080000 0.064607 0.058989 0.086351 0.103641 0.127119 0.197674 0.075209 0.080780 0.088235 0.086351 0.091922 0.094708 0.080780 0.080780 0.088235 0.080780 0.091922 0.077994 0.094708 0.186380
1.688.13F.X:15834738-15835068 0.081250 0.051360 0.090634 0.069486 0.000000 0.114804 0.092437 0.119266 0.039275 0.135952 0.000000 0.235650 0.092437 0.119266 0.060423 0.102719 0.126888 0.060423 0.092437 0.115854 0.078550 0.057402 0.099698 0.036254 0.123867 0.105740 0.126888 0.138973 0.260223 0.103030 0.151976 0.135385 0.135952 0.081571 0.151976 0.135385 0.093656 0.093656 0.114804 0.138973 0.181269 0.163142 0.108761 0.114804 0.029412 0.120846 0.117825 0.117825 0.108761 0.114804 0.029412 0.114804 0.120846 0.111782 0.129909 0.311828
1.688.13F.X:15835069-15835404 0.190625 0.263473 0.148810 0.221557 0.236527 0.071429 0.260504 0.186544 0.258258 0.178571 0.235650 0.000000 0.260504 0.186544 0.243976 0.208333 0.136905 0.268072 0.260504 0.161585 0.238806 0.233533 0.205357 0.249249 0.175595 0.199405 0.169643 0.208333 0.215613 0.242424 0.218845 0.184615 0.157738 0.175595 0.218845 0.184615 0.148810 0.133929 0.148810 0.205357 0.327381 0.217262 0.196429 0.202381 0.223529 0.205357 0.211310 0.217262 0.202381 0.202381 0.223529 0.202381 0.217262 0.199405 0.181548 0.297491
1.688.13F.X:15835405-15835523 0.277311 0.016807 0.176471 0.042017 0.075630 0.176471 0.000000 0.285714 0.008403 0.100840 0.092437 0.260504 0.000000 0.277311 0.008403 0.092437 0.117647 0.067227 0.000000 0.260504 0.025210 0.016807 0.067227 0.016807 0.134454 0.117647 0.134454 0.100840 0.126050 0.705882 0.277311 0.277311 0.117647 0.126050 0.277311 0.277311 0.075630 0.100840 0.109244 0.050420 0.050420 0.117647 0.058824 0.075630 0.663866 0.084034 0.075630 0.067227 0.058824 0.075630 0.663866 0.067227 0.067227 0.058824 0.058824 0.109244
1.688.13F.X:15835515-15835841 0.078125 0.134557 0.088685 0.091743 0.119266 0.061162 0.277311 0.006116 0.122324 0.039755 0.119266 0.186544 0.277311 0.000000 0.143731 0.064220 0.051988 0.143731 0.277311 0.027523 0.103976 0.097859 0.061162 0.116208 0.100917 0.100917 0.094801 0.100917 0.245353 0.103030 0.088685 0.086154 0.116208 0.103976 0.088685 0.089231 0.076453 0.064220 0.085627 0.116208 0.119266 0.177370 0.073394 0.079511 0.076471 0.085627 0.082569 0.088685 0.073394 0.079511 0.076471 0.079511 0.085627 0.076453 0.094801 0.304659
1.688.13F.X:15835842-15836173 0.100000 0.054217 0.111446 0.075301 0.057229 0.150602 0.008403 0.143731 0.018072 0.156627 0.060423 0.243976 0.008403 0.143731 0.000000 0.069277 0.162651 0.060241 0.008403 0.140244 0.078313 0.063253 0.060241 0.033133 0.105422 0.084337 0.156627 0.087349 0.230483 0.109091 0.148936 0.138462 0.099398 0.096386 0.148936 0.138462 0.054217 0.075301 0.126506 0.075301 0.168675 0.180723 0.054217 0.066265 0.058824 0.066265 0.066265 0.069277 0.054217 0.066265 0.058824 0.060241 0.057229 0.057229 0.135542 0.279570
1.688.13F.X:15836174-15836531 0.031250 0.062874 0.059829 0.083832 0.110778 0.118980 0.092437 0.064220 0.108108 0.041899 0.102719 0.208333 0.092437 0.064220 0.069277 0.000000 0.073446 0.069277 0.092437 0.051829 0.152239 0.068862 0.086592 0.099099 0.100840 0.097765 0.122905 0.072626 0.163569 0.096970 0.079027 0.058462 0.117816 0.130312 0.079027 0.058462 0.033708 0.050562 0.075419 0.072829 0.112994 0.183140 0.041899 0.053073 0.023529 0.053073 0.058659 0.061453 0.047486 0.053073 0.023529 0.047486 0.058659 0.044693 0.061453 0.197133
1.688.13F.X:15836532-15836885 0.065625 0.155689 0.079772 0.107784 0.128743 0.062323 0.117647 0.051988 0.144144 0.050847 0.126888 0.136905 0.117647 0.051988 0.162651 0.073446 0.000000 0.162651 0.117647 0.033537 0.128358 0.116766 0.110169 0.135135 0.098870 0.093220 0.127119 0.135593 0.193309 0.109091 0.094225 0.086154 0.100575 0.104816 0.094225 0.086154 0.070621 0.059322 0.081921 0.110169 0.138418 0.180233 0.121469 0.127119 0.082353 0.132768 0.135593 0.141243 0.127119 0.127119 0.082353 0.127119 0.138418 0.124294 0.141243 0.268817
1.688.13F.X:15836886-15837217 0.093750 0.057229 0.105422 0.078313 0.057229 0.147590 0.067227 0.143731 0.039157 0.156627 0.060423 0.268072 0.067227 0.143731 0.060241 0.069277 0.162651 0.000000 0.067227 0.140244 0.084337 0.066265 0.066265 0.036145 0.150602 0.087349 0.156627 0.153614 0.226766 0.115152 0.170213 0.153846 0.162651 0.162651 0.170213 0.153846 0.057229 0.078313 0.144578 0.159639 0.201807 0.189759 0.060241 0.069277 0.029412 0.069277 0.075301 0.072289 0.060241 0.069277 0.029412 0.063253 0.072289 0.063253 0.081325 0.304659
1.688.13F.X:15837218-15837336 0.277311 0.016807 0.176471 0.042017 0.075630 0.176471 0.000000 0.285714 0.008403 0.100840 0.092437 0.260504 0.000000 0.277311 0.008403 0.092437 0.117647 0.067227 0.000000 0.260504 0.025210 0.016807 0.067227 0.016807 0.134454 0.117647 0.134454 0.100840 0.126050 0.705882 0.277311 0.277311 0.117647 0.126050 0.277311 0.277311 0.075630 0.100840 0.109244 0.050420 0.050420 0.117647 0.058824 0.075630 0.663866 0.084034 0.075630 0.067227 0.058824 0.075630 0.663866 0.067227 0.067227 0.058824 0.058824 0.109244
1.688.13F.X:15837328-15837655 0.056250 0.131098 0.070122 0.088415 0.115854 0.042683 0.260504 0.027523 0.118902 0.027439 0.115854 0.161585 0.260504 0.027523 0.140244 0.051829 0.033537 0.140244 0.260504 0.000000 0.100610 0.091463 0.042683 0.112805 0.079268 0.082317 0.076220 0.082317 0.219331 0.103030 0.070122 0.064615 0.100610 0.088415 0.070122 0.064615 0.057927 0.045732 0.067073 0.097561 0.128049 0.170732 0.054878 0.060976 0.076471 0.067073 0.064024 0.070122 0.054878 0.060976 0.076471 0.060976 0.067073 0.057927 0.076220 0.279570
1.688.13F.X:15837656-15837990 0.125000 0.068862 0.146269 0.041916 0.080838 0.119403 0.025210 0.103976 0.060060 0.068657 0.078550 0.238806 0.025210 0.103976 0.078313 0.152239 0.128358 0.084337 0.025210 0.100610 0.000000 0.041916 0.146269 0.060060 0.158209 0.158209 0.155224 0.155224 0.234201 0.096970 0.170213 0.160000 0.170149 0.167164 0.170213 0.160000 0.146269 0.125373 0.146269 0.188060 0.211940 0.197015 0.155224 0.161194 0.070588 0.167164 0.164179 0.170149 0.155224 0.161194 0.070588 0.161194 0.164179 0.158209 0.176119 0.301075
1.688.13F.X:15837991-15838324 0.106250 0.056886 0.125749 0.035928 0.059880 0.113772 0.016807 0.097859 0.045045 0.116766 0.057402 0.233533 0.016807 0.097859 0.063253 0.068862 0.116766 0.066265 0.016807 0.091463 0.041916 0.000000 0.116766 0.042042 0.134731 0.086826 0.143713 0.149701 0.215613 0.127273 0.161094 0.138462 0.146707 0.158683 0.161094 0.138462 0.122754 0.116766 0.137725 0.167665 0.194611 0.173653 0.065868 0.077844 0.076471 0.077844 0.143713 0.080838 0.065868 0.077844 0.076471 0.071856 0.146707 0.068862 0.155689 0.290323
1.688.13F.X:15838325-15838689 0.028125 0.053892 0.096866 0.071856 0.107784 0.127479 0.067227 0.061162 0.105105 0.119777 0.099698 0.205357 0.067227 0.061162 0.060241 0.086592 0.110169 0.066265 0.067227 0.042683 0.146269 0.116766 0.000000 0.099099 0.137255 0.079452 0.099174 0.091413 0.115242 0.103030 0.069909 0.052308 0.132184 0.141643 0.069909 0.052308 0.081461 0.092697 0.119777 0.123249 0.169492 0.194767 0.044321 0.050139 0.029412 0.052632 0.055402 0.063712 0.049861 0.050139 0.029412 0.047091 0.060942 0.047091 0.061111 0.182796
1.688.13F.X:15838690-15839022 0.071875 0.033033 0.090090 0.054054 0.036036 0.126126 0.016807 0.116208 0.015015 0.132132 0.036254 0.249249 0.016807 0.116208 0.033133 0.099099 0.135135 0.036145 0.016807 0.112805 0.060060 0.042042 0.099099 0.000000 0.132132 0.063063 0.087087 0.129129 0.204461 0.096970 0.145897 0.126154 0.129129 0.093093 0.145897 0.126154 0.096096 0.099099 0.120120 0.132132 0.177177 0.168168 0.099099 0.105105 0.011765 0.111111 0.108108 0.114114 0.099099 0.105105 0.011765 0.105105 0.111111 0.102102 0.054054 0.279570
1.688.13F.X:15839023-15839379 0.065625 0.152695 0.088319 0.137725 0.131737 0.093484 0.134454 0.100917 0.138138 0.109244 0.123867 0.175595 0.134454 0.100917 0.105422 0.100840 0.098870 0.150602 0.134454 0.079268 0.158209 0.134731 0.137255 0.132132 0.000000 0.131653 0.154062 0.112045 0.204461 0.157576 0.124620 0.098462 0.132184 0.130312 0.124620 0.098462 0.089888 0.089888 0.103641 0.120448 0.129944 0.177326 0.100840 0.109244 0.105882 0.112045 0.112045 0.114846 0.100840 0.109244 0.105882 0.106443 0.112045 0.103641 0.120448 0.243728
1.688.13F.X:15839380-15839745 0.037500 0.128743 0.094017 0.098802 0.113772 0.118980 0.117647 0.100917 0.066066 0.125348 0.105740 0.199405 0.117647 0.100917 0.084337 0.097765 0.093220 0.087349 0.117647 0.082317 0.158209 0.086826 0.079452 0.063063 0.131653 0.000000 0.052342 0.135734 0.022305 0.121212 0.112462 0.095385 0.135057 0.104816 0.112462 0.095385 0.067416 0.073034 0.097493 0.126050 0.172316 0.194767 0.077562 0.077994 0.047059 0.088643 0.094183 0.096953 0.083102 0.077994 0.047059 0.083102 0.094183 0.080332 0.094444 0.222222
1.688.13F.X:15839746-15840108 0.065625 0.152695 0.119658 0.146707 0.134731 0.124646 0.134454 0.094801 0.090090 0.094708 0.126888 0.169643 0.134454 0.094801 0.156627 0.122905 0.127119 0.156627 0.134454 0.076220 0.155224 0.143713 0.099174 0.087087 0.154062 0.052342 0.000000 0.105263 0.033457 0.115152 0.112462 0.107692 0.146552 0.135977 0.112462 0.107692 0.092697 0.078652 0.080780 0.151261 0.183616 0.197674 0.099723 0.105850 0.082353 0.113573 0.116343 0.119114 0.105263 0.105850 0.082353 0.108033 0.116343 0.102493 0.116667 0.211470
1.688.13F.X:15840109-15840469 0.068750 0.149701 0.113960 0.140719 0.143713 0.130312 0.100840 0.100917 0.135135 0.083565 0.138973 0.208333 0.100840 0.100917 0.087349 0.072626 0.135593 0.153614 0.100840 0.082317 0.155224 0.149701 0.091413 0.129129 0.112045 0.135734 0.105263 0.000000 0.200743 0.006061 0.066869 0.120000 0.135057 0.067989 0.066869 0.120000 0.067416 0.064607 0.033426 0.114846 0.138418 0.212209 0.099723 0.105850 0.094118 0.110803 0.108033 0.119114 0.105263 0.105850 0.094118 0.105263 0.116343 0.102493 0.116667 0.207885
1.688.13F.X:15840470-15840738 0.219331 0.219331 0.178439 0.219331 0.260223 0.189591 0.126050 0.249071 0.204461 0.167286 0.260223 0.215613 0.126050 0.245353 0.230483 0.163569 0.193309 0.226766 0.126050 0.219331 0.234201 0.215613 0.115242 0.204461 0.204461 0.022305 0.033457 0.200743 0.000000 0.678788 0.275093 0.260223 0.182156 0.234201 0.275093 0.260223 0.130112 0.133829 0.159851 0.204461 0.241636 0.323420 0.126394 0.133829 0.611765 0.144981 0.144981 0.144981 0.133829 0.133829 0.611765 0.137546 0.148699 0.130112 0.148699 0.215613
1.688.13F.X:15840737-15840901 0.115152 0.121212 0.103030 0.109091 0.103030 0.103030 0.705882 0.096970 0.103030 0.115152 0.103030 0.242424 0.705882 0.103030 0.109091 0.096970 0.109091 0.115152 0.705882 0.103030 0.096970 0.127273 0.103030 0.096970 0.157576 0.121212 0.115152 0.006061 0.678788 0.000000 0.048485 0.169697 0.169697 0.000000 0.048485 0.169697 0.090909 0.066667 0.012121 0.133333 0.163636 0.163636 0.096970 0.109091 0.103030 0.096970 0.096970 0.121212 0.096970 0.109091 0.103030 0.096970 0.103030 0.103030 0.139394 0.709091
1.688.13F.X:15841160-15841488 0.081250 0.161094 0.100304 0.155015 0.151976 0.109422 0.277311 0.088685 0.151976 0.088146 0.151976 0.218845 0.277311 0.088685 0.148936 0.079027 0.094225 0.170213 0.277311 0.070122 0.170213 0.161094 0.069909 0.145897 0.124620 0.112462 0.112462 0.066869 0.275093 0.048485 0.000000 0.058462 0.100304 0.054711 0.000000 0.058462 0.088146 0.075988 0.051672 0.091185 0.151976 0.179331 0.079027 0.085106 0.111765 0.097264 0.094225 0.100304 0.085106 0.085106 0.111765 0.085106 0.097264 0.082067 0.066869 0.297491
1.688.13F.X:15841743-15842067 0.071875 0.141538 0.076923 0.147692 0.135385 0.101538 0.277311 0.086154 0.126154 0.080000 0.135385 0.184615 0.277311 0.086154 0.138462 0.058462 0.086154 0.153846 0.277311 0.064615 0.160000 0.138462 0.052308 0.126154 0.098462 0.095385 0.107692 0.120000 0.260223 0.169697 0.058462 0.000000 0.036923 0.113846 0.058462 0.006154 0.070769 0.083077 0.104615 0.073846 0.132308 0.135385 0.061538 0.067692 0.088235 0.076923 0.076923 0.083077 0.067692 0.067692 0.088235 0.067692 0.067692 0.064615 0.049231 0.322581
1.688.13F.X:15842068-15842415 0.075000 0.149701 0.097701 0.152695 0.143713 0.109195 0.117647 0.116208 0.132132 0.137931 0.135952 0.157738 0.117647 0.116208 0.099398 0.117816 0.100575 0.162651 0.117647 0.100610 0.170149 0.146707 0.132184 0.129129 0.132184 0.135057 0.146552 0.135057 0.182156 0.169697 0.100304 0.036923 0.000000 0.071839 0.100304 0.043077 0.114943 0.117816 0.135057 0.126437 0.175287 0.119186 0.126437 0.132184 0.088235 0.140805 0.140805 0.146552 0.132184 0.132184 0.088235 0.132184 0.132184 0.129310 0.114943 0.326165
1.688.13F.X:15842416-15842768 0.075000 0.161677 0.108262 0.149701 0.083832 0.110482 0.126050 0.103976 0.096096 0.138810 0.081571 0.175595 0.126050 0.103976 0.096386 0.130312 0.104816 0.162651 0.126050 0.088415 0.167164 0.158683 0.141643 0.093093 0.130312 0.104816 0.135977 0.067989 0.234201 0.000000 0.054711 0.113846 0.071839 0.000000 0.054711 0.113846 0.079320 0.073654 0.079320 0.133144 0.141643 0.174419 0.135977 0.141643 0.088235 0.152975 0.147309 0.155807 0.141643 0.141643 0.088235 0.141643 0.152975 0.138810 0.155807 0.286738
1.688.13F.X:15843028-15843356 0.081250 0.161094 0.100304 0.155015 0.151976 0.109422 0.277311 0.088685 0.151976 0.088146 0.151976 0.218845 0.277311 0.088685 0.148936 0.079027 0.094225 0.170213 0.277311 0.070122 0.170213 0.161094 0.069909 0.145897 0.124620 0.112462 0.112462 0.066869 0.275093 0.048485 0.000000 0.058462 0.100304 0.054711 0.000000 0.058462 0.088146 0.075988 0.051672 0.091185 0.151976 0.179331 0.079027 0.085106 0.111765 0.097264 0.094225 0.100304 0.085106 0.085106 0.111765 0.085106 0.097264 0.082067 0.066869 0.297491
1.688.13F.X:15843611-15843935 0.071875 0.141538 0.076923 0.147692 0.135385 0.101538 0.277311 0.086154 0.126154 0.080000 0.135385 0.184615 0.277311 0.089231 0.138462 0.058462 0.086154 0.153846 0.277311 0.064615 0.160000 0.138462 0.052308 0.126154 0.098462 0.095385 0.107692 0.120000 0.260223 0.169697 0.058462 0.006154 0.043077 0.113846 0.058462 0.000000 0.070769 0.083077 0.104615 0.073846 0.132308 0.135385 0.061538 0.067692 0.088235 0.076923 0.076923 0.083077 0.067692 0.067692 0.088235 0.067692 0.067692 0.064615 0.049231 0.318996
1.688.13F.X:15843936-15844291 0.018750 0.050898 0.048433 0.071856 0.101796 0.073654 0.075630 0.076453 0.102102 0.064607 0.093656 0.148810 0.075630 0.076453 0.054217 0.033708 0.070621 0.057229 0.075630 0.057927 0.146269 0.122754 0.081461 0.096096 0.089888 0.067416 0.092697 0.067416 0.130112 0.090909 0.088146 0.070769 0.114943 0.079320 0.088146 0.070769 0.000000 0.025281 0.044944 0.061798 0.110169 0.171512 0.036517 0.047753 0.017647 0.047753 0.053371 0.056180 0.042135 0.047753 0.017647 0.042135 0.053371 0.039326 0.056180 0.261649
1.688.13F.X:15844292-15844647 0.031250 0.119760 0.056980 0.110778 0.101796 0.059490 0.100840 0.064220 0.105105 0.058989 0.093656 0.133929 0.100840 0.064220 0.075301 0.050562 0.059322 0.078313 0.100840 0.045732 0.125373 0.116766 0.092697 0.099099 0.089888 0.073034 0.078652 0.064607 0.133829 0.066667 0.075988 0.083077 0.117816 0.073654 0.075988 0.083077 0.025281 0.000000 0.028090 0.081461 0.124294 0.183140 0.056180 0.067416 0.041176 0.067416 0.073034 0.075843 0.061798 0.067416 0.041176 0.061798 0.073034 0.058989 0.075843 0.283154
1.688.13F.X:15844648-15845006 0.053125 0.140719 0.071225 0.137725 0.122754 0.073654 0.109244 0.085627 0.126126 0.086351 0.114804 0.148810 0.109244 0.085627 0.126506 0.075419 0.081921 0.144578 0.109244 0.067073 0.146269 0.137725 0.119777 0.120120 0.103641 0.097493 0.080780 0.033426 0.159851 0.012121 0.051672 0.104615 0.135057 0.079320 0.051672 0.104615 0.044944 0.028090 0.000000 0.103641 0.127119 0.203488 0.083565 0.094708 0.076471 0.094708 0.094708 0.103064 0.089136 0.094708 0.076471 0.089136 0.100279 0.086351 0.103064 0.207885
1.688.13F.X:15845007-15845363 0.059375 0.152695 0.088319 0.176647 0.146707 0.116147 0.050420 0.116208 0.138138 0.103641 0.138973 0.205357 0.050420 0.116208 0.075301 0.072829 0.110169 0.159639 0.050420 0.097561 0.188060 0.167665 0.123249 0.132132 0.120448 0.126050 0.151261 0.114846 0.204461 0.133333 0.091185 0.073846 0.126437 0.133144 0.091185 0.073846 0.061798 0.081461 0.103641 0.000000 0.073446 0.098837 0.047619 0.061625 0.047059 0.061625 0.064426 0.070028 0.053221 0.061625 0.047059 0.056022 0.061625 0.050420 0.036415 0.236559
1.688.13F.X:15845364-15845717 0.118750 0.203593 0.139601 0.194611 0.185629 0.150142 0.050420 0.119266 0.183183 0.127119 0.181269 0.327381 0.050420 0.119266 0.168675 0.112994 0.138418 0.201807 0.050420 0.128049 0.211940 0.194611 0.169492 0.177177 0.129944 0.172316 0.183616 0.138418 0.241636 0.163636 0.151976 0.132308 0.175287 0.141643 0.151976 0.132308 0.110169 0.124294 0.127119 0.073446 0.000000 0.206395 0.096045 0.110169 0.123529 0.110169 0.101695 0.107345 0.090395 0.110169 0.123529 0.104520 0.101695 0.098870 0.107345 0.232975
1.688.13F.X:15845718-15846061 0.146875 0.179641 0.183140 0.170659 0.170659 0.191860 0.117647 0.177370 0.171171 0.197674 0.163142 0.217262 0.117647 0.177370 0.180723 0.183140 0.180233 0.189759 0.117647 0.170732 0.197015 0.173653 0.194767 0.168168 0.177326 0.194767 0.197674 0.212209 0.323420 0.163636 0.179331 0.135385 0.119186 0.174419 0.179331 0.135385 0.171512 0.183140 0.203488 0.098837 0.206395 0.000000 0.186047 0.191860 0.094118 0.197674 0.194767 0.200581 0.186047 0.191860 0.094118 0.191860 0.197674 0.188953 0.174419 0.275986
1.688.13F.X:15846062-15846422 0.021875 0.056886 0.094017 0.077844 0.116766 0.118980 0.058824 0.073394 0.105105 0.075209 0.108761 0.196429 0.058824 0.073394 0.054217 0.041899 0.121469 0.060241 0.058824 0.054878 0.155224 0.065868 0.044321 0.099099 0.100840 0.077562 0.099723 0.099723 0.126394 0.096970 0.079027 0.061538 0.126437 0.135977 0.079027 0.061538 0.036517 0.056180 0.083565 0.047619 0.096045 0.186047 0.000000 0.011142 0.011765 0.016620 0.013850 0.022161 0.002770 0.011142 0.011765 0.011080 0.011080 0.002770 0.016667 0.146953
1.688.13F.X:15846425-15846783 0.028125 0.068862 0.099715 0.083832 0.122754 0.124646 0.075630 0.079511 0.111111 0.080780 0.114804 0.202381 0.075630 0.079511 0.066265 0.053073 0.127119 0.069277 0.075630 0.060976 0.161194 0.077844 0.050139 0.105105 0.109244 0.077994 0.105850 0.105850 0.133829 0.109091 0.085106 0.067692 0.132184 0.141643 0.085106 0.067692 0.047753 0.067416 0.094708 0.061625 0.110169 0.191860 0.011142 0.000000 0.005882 0.019499 0.025070 0.016713 0.013928 0.000000 0.005882 0.016713 0.022284 0.013928 0.030641 0.168459
1.688.13F.X:15846822-15846991 0.029412 0.052941 0.017647 0.082353 0.029412 0.082353 0.663866 0.070588 0.017647 0.088235 0.029412 0.223529 0.663866 0.076471 0.058824 0.023529 0.082353 0.029412 0.663866 0.076471 0.070588 0.076471 0.029412 0.011765 0.105882 0.047059 0.082353 0.094118 0.611765 0.103030 0.111765 0.088235 0.088235 0.088235 0.111765 0.088235 0.017647 0.041176 0.076471 0.047059 0.123529 0.094118 0.011765 0.005882 0.000000 0.011765 0.017647 0.017647 0.011765 0.005882 0.000000 0.011765 0.017647 0.017647 0.052941 0.688235
1.688.13F.X:15846992-15847352 0.034375 0.068862 0.105413 0.086826 0.128743 0.130312 0.084034 0.085627 0.117117 0.086351 0.120846 0.205357 0.084034 0.085627 0.066265 0.053073 0.132768 0.069277 0.084034 0.067073 0.167164 0.077844 0.052632 0.111111 0.112045 0.088643 0.113573 0.110803 0.144981 0.096970 0.097264 0.076923 0.140805 0.152975 0.097264 0.076923 0.047753 0.067416 0.094708 0.061625 0.110169 0.197674 0.016620 0.019499 0.011765 0.000000 0.030471 0.030471 0.019391 0.019499 0.011765 0.005540 0.027701 0.019391 0.033333 0.172043
1.688.13F.X:15847353-15847713 0.034375 0.068862 0.108262 0.089820 0.125749 0.133144 0.075630 0.082569 0.048048 0.091922 0.117825 0.211310 0.075630 0.082569 0.066265 0.058659 0.135593 0.075301 0.075630 0.064024 0.164179 0.143713 0.055402 0.108108 0.112045 0.094183 0.116343 0.108033 0.144981 0.096970 0.094225 0.076923 0.140805 0.147309 0.094225 0.076923 0.053371 0.073034 0.094708 0.064426 0.101695 0.194767 0.013850 0.025070 0.017647 0.030471 0.000000 0.030471 0.011080 0.025070 0.017647 0.024931 0.013850 0.016620 0.030556 0.161290
1.688.13F.X:15847714-15848074 0.040625 0.071856 0.113960 0.092814 0.125749 0.138810 0.067227 0.088685 0.051051 0.094708 0.117825 0.217262 0.067227 0.088685 0.069277 0.061453 0.141243 0.072289 0.067227 0.070122 0.170149 0.080838 0.063712 0.114114 0.114846 0.096953 0.119114 0.119114 0.144981 0.121212 0.100304 0.083077 0.146552 0.155807 0.100304 0.083077 0.056180 0.075843 0.103064 0.070028 0.107345 0.200581 0.022161 0.016713 0.017647 0.030471 0.030471 0.000000 0.019391 0.016713 0.017647 0.027701 0.027701 0.024931 0.038889 0.172043
1.688.13F.X:15848075-15848435 0.025000 0.056886 0.099715 0.077844 0.116766 0.124646 0.058824 0.073394 0.036036 0.080780 0.108761 0.202381 0.058824 0.073394 0.054217 0.047486 0.127119 0.060241 0.058824 0.054878 0.155224 0.065868 0.049861 0.099099 0.100840 0.083102 0.105263 0.105263 0.133829 0.096970 0.085106 0.067692 0.132184 0.141643 0.085106 0.067692 0.042135 0.061798 0.089136 0.053221 0.090395 0.186047 0.002770 0.013928 0.011765 0.019391 0.011080 0.019391 0.000000 0.013928 0.011765 0.013850 0.008310 0.005540 0.019444 0.150538
1.688.13F.X:15848438-15848796 0.028125 0.068862 0.099715 0.083832 0.122754 0.124646 0.075630 0.079511 0.111111 0.080780 0.114804 0.202381 0.075630 0.079511 0.066265 0.053073 0.127119 0.069277 0.075630 0.060976 0.161194 0.077844 0.050139 0.105105 0.109244 0.077994 0.105850 0.105850 0.133829 0.109091 0.085106 0.067692 0.132184 0.141643 0.085106 0.067692 0.047753 0.067416 0.094708 0.061625 0.110169 0.191860 0.011142 0.000000 0.005882 0.019499 0.025070 0.016713 0.013928 0.000000 0.005882 0.016713 0.022284 0.013928 0.030641 0.168459
1.688.13F.X:15848835-15849004 0.029412 0.052941 0.017647 0.082353 0.029412 0.082353 0.663866 0.070588 0.017647 0.088235 0.029412 0.223529 0.663866 0.076471 0.058824 0.023529 0.082353 0.029412 0.663866 0.076471 0.070588 0.076471 0.029412 0.011765 0.105882 0.047059 0.082353 0.094118 0.611765 0.103030 0.111765 0.088235 0.088235 0.088235 0.111765 0.088235 0.017647 0.041176 0.076471 0.047059 0.123529 0.094118 0.011765 0.005882 0.000000 0.011765 0.017647 0.017647 0.011765 0.005882 0.000000 0.011765 0.017647 0.017647 0.052941 0.688235
1.688.13F.X:15849005-15849365 0.028125 0.062874 0.099715 0.080838 0.122754 0.124646 0.067227 0.079511 0.111111 0.080780 0.114804 0.202381 0.067227 0.079511 0.060241 0.047486 0.127119 0.063253 0.067227 0.060976 0.161194 0.071856 0.047091 0.105105 0.106443 0.083102 0.108033 0.105263 0.137546 0.096970 0.085106 0.067692 0.132184 0.141643 0.085106 0.067692 0.042135 0.061798 0.089136 0.056022 0.104520 0.191860 0.011080 0.016713 0.011765 0.005540 0.024931 0.027701 0.013850 0.016713 0.011765 0.000000 0.022161 0.013850 0.027778 0.164875
1.688.13F.X:15849366-15849726 0.031250 0.068862 0.105413 0.089820 0.128743 0.135977 0.067227 0.085627 0.039039 0.091922 0.120846 0.217262 0.067227 0.085627 0.057229 0.058659 0.138418 0.072289 0.067227 0.067073 0.164179 0.146707 0.060942 0.111111 0.112045 0.094183 0.116343 0.116343 0.148699 0.103030 0.097264 0.067692 0.132184 0.152975 0.097264 0.067692 0.053371 0.073034 0.100279 0.061625 0.101695 0.197674 0.011080 0.022284 0.017647 0.027701 0.013850 0.027701 0.008310 0.022284 0.017647 0.022161 0.000000 0.013850 0.027778 0.164875
1.688.13F.X:15849727-15850087 0.025000 0.059880 0.096866 0.080838 0.119760 0.121813 0.058824 0.076453 0.108108 0.077994 0.111782 0.199405 0.058824 0.076453 0.057229 0.044693 0.124294 0.063253 0.058824 0.057927 0.158209 0.068862 0.047091 0.102102 0.103641 0.080332 0.102493 0.102493 0.130112 0.103030 0.082067 0.064615 0.129310 0.138810 0.082067 0.064615 0.039326 0.058989 0.086351 0.050420 0.098870 0.188953 0.002770 0.013928 0.017647 0.019391 0.016620 0.024931 0.005540 0.013928 0.017647 0.013850 0.013850 0.000000 0.019444 0.150538
1.688.13F.X:15850088-15850447 0.040625 0.140719 0.113960 0.161677 0.137725 0.138810 0.058824 0.094801 0.057057 0.094708 0.129909 0.181548 0.058824 0.094801 0.135542 0.061453 0.141243 0.081325 0.058824 0.076220 0.176119 0.155689 0.061111 0.054054 0.120448 0.094444 0.116667 0.116667 0.148699 0.139394 0.066869 0.049231 0.114943 0.155807 0.066869 0.049231 0.056180 0.075843 0.103064 0.036415 0.107345 0.174419 0.016667 0.030641 0.052941 0.033333 0.030556 0.038889 0.019444 0.030641 0.052941 0.027778 0.027778 0.019444 0.000000 0.168459
1.688.13F.X:15850448-15850726 0.304659 0.297491 0.286738 0.290323 0.304659 0.240143 0.109244 0.308244 0.279570 0.186380 0.311828 0.297491 0.109244 0.304659 0.279570 0.197133 0.268817 0.304659 0.109244 0.279570 0.301075 0.290323 0.182796 0.279570 0.243728 0.222222 0.211470 0.207885 0.215613 0.709091 0.297491 0.322581 0.326165 0.286738 0.297491 0.318996 0.261649 0.283154 0.207885 0.236559 0.232975 0.275986 0.146953 0.168459 0.688235 0.172043 0.161290 0.172043 0.150538 0.168459 0.688235 0.164875 0.164875 0.150538 0.168459 0.000000
