12
1.688.11E.X:13269272-13269498 0.000000 0.083700 0.088106 0.088106 0.083700 0.083700 0.083700 0.092511 0.167401 0.083700 0.588235 0.646341
1.688.11E.X:13269499-13269859 0.083700 0.000000 0.002770 0.005540 0.022161 0.002770 0.000000 0.011080 0.043478 0.016620 0.029412 0.292683
1.688.11E.X:13269860-13270220 0.088106 0.002770 0.000000 0.011080 0.024931 0.005540 0.002770 0.008310 0.046377 0.013850 0.029412 0.292683
1.688.11E.X:13270221-13270581 0.088106 0.005540 0.011080 0.000000 0.022161 0.008310 0.005540 0.019391 0.043478 0.024931 0.029412 0.292683
1.688.11E.X:13270582-13270942 0.083700 0.022161 0.024931 0.022161 0.000000 0.024931 0.022161 0.022161 0.037681 0.027701 0.029412 0.317073
1.688.11E.X:13270943-13271303 0.083700 0.002770 0.005540 0.008310 0.024931 0.000000 0.002770 0.013850 0.046377 0.013850 0.058824 0.292683
1.688.11E.X:13271304-13271664 0.083700 0.000000 0.002770 0.005540 0.022161 0.002770 0.000000 0.011080 0.043478 0.016620 0.029412 0.292683
1.688.11E.X:13271665-13272025 0.092511 0.011080 0.008310 0.019391 0.022161 0.013850 0.011080 0.000000 0.049275 0.011080 0.029412 0.341463
1.688.11E.X:13272026-13272370 0.167401 0.043478 0.046377 0.043478 0.037681 0.046377 0.043478 0.049275 0.000000 0.049275 0.029412 0.280488
1.688.11E.X:13272371-13272731 0.083700 0.016620 0.013850 0.024931 0.027701 0.013850 0.016620 0.011080 0.049275 0.000000 0.058824 0.341463
1.688.11E.X:13272732-13272765 0.588235 0.029412 0.029412 0.029412 0.029412 0.058824 0.029412 0.029412 0.029412 0.058824 0.000000 0.676471
1.688.11E.X:13272771-13272852 0.646341 0.292683 0.292683 0.292683 0.317073 0.292683 0.292683 0.341463 0.280488 0.341463 0.676471 0.000000
