28
1.688.13A.X:14986989-14987233 0.000000 0.118367 0.118367 0.122449 0.118367 0.159184 0.138776 0.114286 0.155102 0.126531 0.142857 0.114286 0.114286 0.142857 0.118367 0.114286 0.126531 0.118367 0.122449 0.122449 0.114286 0.130612 0.126531 0.134694 0.122449 0.126531 0.126531 0.383673
1.688.13A.X:14987240-14987594 0.118367 0.000000 0.073239 0.076056 0.073239 0.104225 0.087324 0.073239 0.101408 0.059155 0.090141 0.067606 0.070423 0.087324 0.073239 0.070423 0.073239 0.073239 0.076056 0.076056 0.070423 0.081690 0.081690 0.084507 0.076056 0.078873 0.064789 0.287324
1.688.13A.X:14987601-14987961 0.118367 0.073239 0.000000 0.011080 0.000000 0.039106 0.016667 0.011268 0.030641 0.011080 0.013889 0.005540 0.002770 0.019444 0.005540 0.002770 0.008310 0.000000 0.011080 0.005540 0.002770 0.016620 0.005540 0.019391 0.005540 0.005540 0.022222 0.310249
1.688.13A.X:14987962-14988322 0.122449 0.076056 0.011080 0.000000 0.011080 0.050279 0.027778 0.016901 0.041783 0.022161 0.025000 0.011080 0.013850 0.030556 0.016620 0.013850 0.019391 0.011080 0.000000 0.019391 0.013850 0.027701 0.016620 0.008310 0.019391 0.016620 0.033333 0.313019
1.688.13A.X:14988323-14988683 0.118367 0.073239 0.000000 0.011080 0.000000 0.039106 0.016667 0.011268 0.030641 0.011080 0.013889 0.005540 0.002770 0.019444 0.005540 0.002770 0.008310 0.000000 0.011080 0.005540 0.002770 0.016620 0.005540 0.019391 0.005540 0.005540 0.022222 0.310249
1.688.13A.X:14988684-14989041 0.159184 0.104225 0.039106 0.050279 0.039106 0.000000 0.053073 0.059155 0.044693 0.044693 0.055866 0.039106 0.036313 0.055866 0.039106 0.036313 0.041899 0.039106 0.050279 0.044693 0.036313 0.039106 0.044693 0.058659 0.044693 0.044693 0.053073 0.310056
1.688.13A.X:14989042-14989401 0.138776 0.087324 0.016667 0.027778 0.016667 0.053073 0.000000 0.030986 0.033426 0.022222 0.005556 0.016667 0.013889 0.033333 0.016667 0.013889 0.019444 0.016667 0.027778 0.022222 0.013889 0.027778 0.022222 0.036111 0.022222 0.022222 0.036111 0.308333
1.688.13A.X:14989402-14989756 0.114286 0.073239 0.011268 0.016901 0.011268 0.059155 0.030986 0.000000 0.047887 0.022535 0.028169 0.011268 0.014085 0.033803 0.016901 0.014085 0.019718 0.011268 0.016901 0.011268 0.014085 0.028169 0.016901 0.025352 0.011268 0.016901 0.022535 0.298592
1.688.13A.X:14989761-14990119 0.155102 0.101408 0.030641 0.041783 0.030641 0.044693 0.033426 0.047887 0.000000 0.036212 0.033426 0.030641 0.027855 0.047354 0.030641 0.027855 0.033426 0.030641 0.041783 0.036212 0.027855 0.041783 0.036212 0.050139 0.036212 0.036212 0.050139 0.289694
1.688.13A.X:14990120-14990480 0.126531 0.059155 0.011080 0.022161 0.011080 0.044693 0.022222 0.022535 0.036212 0.000000 0.025000 0.011080 0.008310 0.027778 0.011080 0.008310 0.016620 0.011080 0.022161 0.016620 0.008310 0.022161 0.016620 0.030471 0.016620 0.016620 0.016667 0.307479
1.688.13A.X:14990481-14990840 0.142857 0.090141 0.013889 0.025000 0.013889 0.055866 0.005556 0.028169 0.033426 0.025000 0.000000 0.019444 0.016667 0.036111 0.019444 0.016667 0.022222 0.013889 0.025000 0.019444 0.016667 0.030556 0.019444 0.033333 0.019444 0.019444 0.038889 0.313889
1.688.13A.X:14990841-14991201 0.114286 0.067606 0.005540 0.011080 0.005540 0.039106 0.016667 0.011268 0.030641 0.011080 0.019444 0.000000 0.002770 0.019444 0.005540 0.002770 0.008310 0.005540 0.011080 0.011080 0.002770 0.016620 0.011080 0.019391 0.011080 0.011080 0.022222 0.301939
1.688.13A.X:14991202-14991562 0.114286 0.070423 0.002770 0.013850 0.002770 0.036313 0.013889 0.014085 0.027855 0.008310 0.016667 0.002770 0.000000 0.016667 0.002770 0.000000 0.005540 0.002770 0.013850 0.008310 0.000000 0.013850 0.008310 0.022161 0.008310 0.008310 0.019444 0.304709
1.688.13A.X:14991563-14991922 0.142857 0.087324 0.019444 0.030556 0.019444 0.055866 0.033333 0.033803 0.047354 0.027778 0.036111 0.019444 0.016667 0.000000 0.019444 0.016667 0.019444 0.019444 0.030556 0.025000 0.016667 0.030556 0.025000 0.038889 0.025000 0.025000 0.038889 0.322222
1.688.13A.X:14991923-14992283 0.118367 0.073239 0.005540 0.016620 0.005540 0.039106 0.016667 0.016901 0.030641 0.011080 0.019444 0.005540 0.002770 0.019444 0.000000 0.002770 0.008310 0.005540 0.016620 0.011080 0.002770 0.016620 0.011080 0.024931 0.011080 0.011080 0.022222 0.310249
1.688.13A.X:14992284-14992644 0.114286 0.070423 0.002770 0.013850 0.002770 0.036313 0.013889 0.014085 0.027855 0.008310 0.016667 0.002770 0.000000 0.016667 0.002770 0.000000 0.005540 0.002770 0.013850 0.008310 0.000000 0.013850 0.008310 0.022161 0.008310 0.008310 0.019444 0.304709
1.688.13A.X:14992645-14993005 0.126531 0.073239 0.008310 0.019391 0.008310 0.041899 0.019444 0.019718 0.033426 0.016620 0.022222 0.008310 0.005540 0.019444 0.008310 0.005540 0.000000 0.008310 0.019391 0.013850 0.005540 0.013850 0.013850 0.027701 0.013850 0.013850 0.030556 0.307479
1.688.13A.X:14993006-14993366 0.118367 0.073239 0.000000 0.011080 0.000000 0.039106 0.016667 0.011268 0.030641 0.011080 0.013889 0.005540 0.002770 0.019444 0.005540 0.002770 0.008310 0.000000 0.011080 0.005540 0.002770 0.016620 0.005540 0.019391 0.005540 0.005540 0.022222 0.310249
1.688.13A.X:14993367-14993727 0.122449 0.076056 0.011080 0.000000 0.011080 0.050279 0.027778 0.016901 0.041783 0.022161 0.025000 0.011080 0.013850 0.030556 0.016620 0.013850 0.019391 0.011080 0.000000 0.019391 0.013850 0.027701 0.016620 0.008310 0.019391 0.016620 0.033333 0.313019
1.688.13A.X:14993728-14994088 0.122449 0.076056 0.005540 0.019391 0.005540 0.044693 0.022222 0.011268 0.036212 0.016620 0.019444 0.011080 0.008310 0.025000 0.011080 0.008310 0.013850 0.005540 0.019391 0.000000 0.008310 0.022161 0.011080 0.027701 0.000000 0.011080 0.022222 0.318560
1.688.13A.X:14994089-14994449 0.114286 0.070423 0.002770 0.013850 0.002770 0.036313 0.013889 0.014085 0.027855 0.008310 0.016667 0.002770 0.000000 0.016667 0.002770 0.000000 0.005540 0.002770 0.013850 0.008310 0.000000 0.013850 0.008310 0.022161 0.008310 0.008310 0.019444 0.304709
1.688.13A.X:14994450-14994810 0.130612 0.081690 0.016620 0.027701 0.016620 0.039106 0.027778 0.028169 0.041783 0.022161 0.030556 0.016620 0.013850 0.030556 0.016620 0.013850 0.013850 0.016620 0.027701 0.022161 0.013850 0.000000 0.022161 0.036011 0.022161 0.022161 0.033333 0.321330
1.688.13A.X:14994811-14995171 0.126531 0.081690 0.005540 0.016620 0.005540 0.044693 0.022222 0.016901 0.036212 0.016620 0.019444 0.011080 0.008310 0.025000 0.011080 0.008310 0.013850 0.005540 0.016620 0.011080 0.008310 0.022161 0.000000 0.024931 0.011080 0.011080 0.027778 0.313019
1.688.13A.X:14995172-14995532 0.134694 0.084507 0.019391 0.008310 0.019391 0.058659 0.036111 0.025352 0.050139 0.030471 0.033333 0.019391 0.022161 0.038889 0.024931 0.022161 0.027701 0.019391 0.008310 0.027701 0.022161 0.036011 0.024931 0.000000 0.027701 0.024931 0.041667 0.315789
1.688.13A.X:14995533-14995893 0.122449 0.076056 0.005540 0.019391 0.005540 0.044693 0.022222 0.011268 0.036212 0.016620 0.019444 0.011080 0.008310 0.025000 0.011080 0.008310 0.013850 0.005540 0.019391 0.000000 0.008310 0.022161 0.011080 0.027701 0.000000 0.011080 0.022222 0.318560
1.688.13A.X:14995894-14996254 0.126531 0.078873 0.005540 0.016620 0.005540 0.044693 0.022222 0.016901 0.036212 0.016620 0.019444 0.011080 0.008310 0.025000 0.011080 0.008310 0.013850 0.005540 0.016620 0.011080 0.008310 0.022161 0.011080 0.024931 0.011080 0.000000 0.027778 0.313019
1.688.13A.X:14996255-14996614 0.126531 0.064789 0.022222 0.033333 0.022222 0.053073 0.036111 0.022535 0.050139 0.016667 0.038889 0.022222 0.019444 0.038889 0.022222 0.019444 0.030556 0.022222 0.033333 0.022222 0.019444 0.033333 0.027778 0.041667 0.022222 0.027778 0.000000 0.316667
1.688.13A.X:14996607-14996975 0.383673 0.287324 0.310249 0.313019 0.310249 0.310056 0.308333 0.298592 0.289694 0.307479 0.313889 0.301939 0.304709 0.322222 0.310249 0.304709 0.307479 0.310249 0.313019 0.318560 0.304709 0.321330 0.313019 0.315789 0.318560 0.313019 0.316667 0.000000
