6
1.688.9E.X:10777942-10778255 0.000000 0.066879 0.054140 0.381481 0.491228 0.476190
1.688.9E.X:10778266-10778616 0.066879 0.000000 0.011396 0.218519 0.298246 0.396825
1.688.9E.X:10778627-10778977 0.054140 0.011396 0.000000 0.218519 0.298246 0.396825
1.688.9E.X:10778988-10779257 0.381481 0.218519 0.218519 0.000000 0.263158 0.412698
1.688.9E.X:10779262-10779318 0.491228 0.298246 0.298246 0.263158 0.000000 0.684211
1.688.9E.X:10779312-10779374 0.476190 0.396825 0.396825 0.412698 0.684211 0.000000
