17
1.688.8C.X:8978734-8979045 0.000000 0.163462 0.298077 0.179487 0.278846 0.179487 0.278846 0.269231 0.304487 0.301282 0.294872 0.294872 0.294872 0.294872 0.294872 0.307692 0.563107
1.688.8C.X:8979046-8979405 0.163462 0.000000 0.027778 0.058496 0.025000 0.039106 0.055710 0.088889 0.030556 0.033333 0.022222 0.019444 0.022222 0.022222 0.019444 0.044444 0.174757
1.688.8C.X:8979406-8979766 0.298077 0.027778 0.000000 0.038997 0.013850 0.022346 0.038997 0.072022 0.019391 0.022161 0.011080 0.013850 0.011080 0.013850 0.008310 0.036011 0.135922
1.688.8C.X:8979767-8980125 0.179487 0.058496 0.038997 0.000000 0.036212 0.058659 0.066852 0.072423 0.047354 0.050139 0.038997 0.041783 0.038997 0.041783 0.036212 0.061281 0.126214
1.688.8C.X:8980126-8980486 0.278846 0.025000 0.013850 0.036212 0.000000 0.027933 0.027855 0.077562 0.019391 0.019391 0.008310 0.011080 0.008310 0.011080 0.005540 0.030471 0.116505
1.688.8C.X:8980487-8980844 0.179487 0.039106 0.022346 0.058659 0.027933 0.000000 0.055866 0.047486 0.027933 0.036313 0.019553 0.016760 0.019553 0.022346 0.022346 0.047486 0.165049
1.688.8C.X:8980845-8981203 0.278846 0.055710 0.038997 0.066852 0.027855 0.055866 0.000000 0.100279 0.047354 0.047354 0.036212 0.038997 0.036212 0.038997 0.033426 0.058496 0.213592
1.688.8C.X:8981204-8981572 0.269231 0.088889 0.072022 0.072423 0.077562 0.047486 0.100279 0.000000 0.077562 0.085873 0.069252 0.072022 0.069252 0.072022 0.072022 0.099723 0.330097
1.688.8C.X:8981573-8981933 0.304487 0.030556 0.019391 0.047354 0.019391 0.027933 0.047354 0.077562 0.000000 0.027701 0.008310 0.011080 0.008310 0.011080 0.011080 0.036011 0.126214
1.688.8C.X:8981934-8982294 0.301282 0.033333 0.022161 0.050139 0.019391 0.036313 0.047354 0.085873 0.027701 0.000000 0.016620 0.019391 0.016620 0.019391 0.013850 0.038781 0.126214
1.688.8C.X:8982295-8982655 0.294872 0.022222 0.011080 0.038997 0.008310 0.019553 0.036212 0.069252 0.008310 0.016620 0.000000 0.002770 0.000000 0.002770 0.002770 0.027701 0.126214
1.688.8C.X:8982656-8983016 0.294872 0.019444 0.013850 0.041783 0.011080 0.016760 0.038997 0.072022 0.011080 0.019391 0.002770 0.000000 0.002770 0.005540 0.005540 0.030471 0.126214
1.688.8C.X:8983017-8983377 0.294872 0.022222 0.011080 0.038997 0.008310 0.019553 0.036212 0.069252 0.008310 0.016620 0.000000 0.002770 0.000000 0.002770 0.002770 0.027701 0.126214
1.688.8C.X:8983378-8983738 0.294872 0.022222 0.013850 0.041783 0.011080 0.022346 0.038997 0.072022 0.011080 0.019391 0.002770 0.005540 0.002770 0.000000 0.005540 0.030471 0.126214
1.688.8C.X:8983739-8984099 0.294872 0.019444 0.008310 0.036212 0.005540 0.022346 0.033426 0.072022 0.011080 0.013850 0.002770 0.005540 0.002770 0.005540 0.000000 0.024931 0.116505
1.688.8C.X:8984100-8984460 0.307692 0.044444 0.036011 0.061281 0.030471 0.047486 0.058496 0.099723 0.036011 0.038781 0.027701 0.030471 0.027701 0.030471 0.024931 0.000000 0.106796
1.688.8C.X:8984461-8984563 0.563107 0.174757 0.135922 0.126214 0.116505 0.165049 0.213592 0.330097 0.126214 0.126214 0.126214 0.126214 0.126214 0.126214 0.116505 0.106796 0.000000
