6
1.688.11A.X:12142119-12142458 0.000000 0.111765 0.105882 0.367347 0.574713 0.462500
1.688.11A.X:12142465-12142819 0.111765 0.000000 0.022599 0.047619 0.551724 0.462500
1.688.11A.X:12142826-12143179 0.105882 0.022599 0.000000 0.108844 0.551724 0.487500
1.688.11A.X:12143186-12143332 0.367347 0.047619 0.108844 0.000000 0.655172 0.712500
1.688.11A.X:12143395-12143481 0.574713 0.551724 0.551724 0.655172 0.000000 0.712500
1.688.11A.X:12143485-12143564 0.462500 0.462500 0.487500 0.712500 0.712500 0.000000
