8
1.688.7F.X:8476162-8476370 0.000000 0.191388 0.215311 0.196172 0.205742 0.191388 0.205742 0.663551
1.688.7F.X:8476388-8476748 0.191388 0.000000 0.044321 0.033241 0.041551 0.036011 0.038781 0.056075
1.688.7F.X:8476749-8477109 0.215311 0.044321 0.000000 0.030471 0.002770 0.036011 0.038781 0.046729
1.688.7F.X:8477110-8477470 0.196172 0.033241 0.030471 0.000000 0.027701 0.011080 0.005540 0.000000
1.688.7F.X:8477471-8477831 0.205742 0.041551 0.002770 0.027701 0.000000 0.033241 0.036011 0.046729
1.688.7F.X:8477832-8478192 0.191388 0.036011 0.036011 0.011080 0.033241 0.000000 0.016620 0.009346
1.688.7F.X:8478193-8478553 0.205742 0.038781 0.038781 0.005540 0.036011 0.016620 0.000000 0.000000
1.688.7F.X:8478554-8478660 0.663551 0.056075 0.046729 0.000000 0.046729 0.009346 0.000000 0.000000
