6
1.688.15A.X:16744178-16744370 0.000000 0.025907 0.010363 0.155440 0.222798 0.697368
1.688.15A.X:16744371-16744731 0.025907 0.000000 0.027701 0.109195 0.111748 0.065789
1.688.15A.X:16744732-16745092 0.010363 0.027701 0.000000 0.097701 0.097421 0.065789
1.688.15A.X:16745093-16745440 0.155440 0.109195 0.097701 0.000000 0.112069 0.065789
1.688.15A.X:16745441-16745789 0.222798 0.111748 0.097421 0.112069 0.000000 0.065789
1.688.15A.X:16745800-16745875 0.697368 0.065789 0.065789 0.065789 0.065789 0.000000
