13
1.688.12E.X:14329083-14329378 0.000000 0.101351 0.057432 0.323944 0.087838 0.094595 0.094595 0.087838 0.087838 0.152027 0.091216 0.111486 0.302222
1.688.12E.X:14329371-14329725 0.101351 0.000000 0.064024 0.014085 0.019718 0.019718 0.025352 0.014085 0.014085 0.069164 0.047887 0.033803 0.057778
1.688.12E.X:14329769-14330096 0.057432 0.064024 0.000000 0.169014 0.064024 0.064024 0.070122 0.057927 0.057927 0.134146 0.073171 0.079268 0.191111
1.688.12E.X:14330099-14330311 0.323944 0.014085 0.169014 0.000000 0.004695 0.000000 0.014085 0.000000 0.000000 0.014085 0.028169 0.009390 0.046948
1.688.12E.X:14330323-14330677 0.087838 0.019718 0.064024 0.004695 0.000000 0.011268 0.011268 0.005634 0.005634 0.054755 0.030986 0.025352 0.048889
1.688.12E.X:14330682-14331036 0.094595 0.019718 0.064024 0.000000 0.011268 0.000000 0.016901 0.005634 0.005634 0.060519 0.036620 0.025352 0.048889
1.688.12E.X:14331041-14331395 0.094595 0.025352 0.070122 0.014085 0.011268 0.016901 0.000000 0.011268 0.011268 0.060519 0.036620 0.030986 0.053333
1.688.12E.X:14331400-14331754 0.087838 0.014085 0.057927 0.000000 0.005634 0.005634 0.011268 0.000000 0.000000 0.054755 0.030986 0.019718 0.048889
1.688.12E.X:14331759-14332113 0.087838 0.014085 0.057927 0.000000 0.005634 0.005634 0.011268 0.000000 0.000000 0.054755 0.030986 0.019718 0.048889
1.688.12E.X:14332118-14332464 0.152027 0.069164 0.134146 0.014085 0.054755 0.060519 0.060519 0.054755 0.054755 0.000000 0.074928 0.074928 0.031111
1.688.12E.X:14332469-14332823 0.091216 0.047887 0.073171 0.028169 0.030986 0.036620 0.036620 0.030986 0.030986 0.074928 0.000000 0.050704 0.053333
1.688.12E.X:14332828-14333183 0.111486 0.033803 0.079268 0.009390 0.025352 0.025352 0.030986 0.019718 0.019718 0.074928 0.050704 0.000000 0.080000
1.688.12E.X:14333198-14333422 0.302222 0.057778 0.191111 0.046948 0.048889 0.048889 0.053333 0.048889 0.048889 0.031111 0.053333 0.080000 0.000000
