6
1.688.10F.X:11880577-11880719 0.000000 0.300699 0.195804 0.146853 0.209790 0.728814
1.688.10F.X:11880721-11881088 0.300699 0.000000 0.178977 0.172316 0.119048 0.135593
1.688.10F.X:11881095-11881446 0.195804 0.178977 0.000000 0.022727 0.032738 0.093220
1.688.10F.X:11881453-11881806 0.146853 0.172316 0.022727 0.000000 0.041667 0.076271
1.688.10F.X:11881813-11882148 0.209790 0.119048 0.032738 0.041667 0.000000 0.118644
1.688.10F.X:11882155-11882272 0.728814 0.135593 0.093220 0.076271 0.118644 0.000000
