12
1.688.13B.X:15202440-15202487 0.000000 0.270833 0.270833 0.270833 0.270833 0.270833 0.208333 0.250000 0.270833 0.270833 0.270833 0.541667
1.688.13B.X:15202491-15202851 0.270833 0.000000 0.016620 0.019391 0.016620 0.019391 0.030471 0.038781 0.013850 0.013850 0.036011 0.025316
1.688.13B.X:15202852-15203212 0.270833 0.016620 0.000000 0.002770 0.005540 0.008310 0.013850 0.022161 0.002770 0.002770 0.024931 0.004219
1.688.13B.X:15203213-15203573 0.270833 0.019391 0.002770 0.000000 0.002770 0.011080 0.016620 0.024931 0.005540 0.005540 0.027701 0.004219
1.688.13B.X:15203574-15203934 0.270833 0.016620 0.005540 0.002770 0.000000 0.008310 0.019391 0.027701 0.008310 0.008310 0.030471 0.008439
1.688.13B.X:15203935-15204295 0.270833 0.019391 0.008310 0.011080 0.008310 0.000000 0.016620 0.024931 0.011080 0.011080 0.033241 0.012658
1.688.13B.X:15204296-15204656 0.208333 0.030471 0.013850 0.016620 0.019391 0.016620 0.000000 0.005540 0.016620 0.016620 0.038781 0.004219
1.688.13B.X:15204657-15205017 0.250000 0.038781 0.022161 0.024931 0.027701 0.024931 0.005540 0.000000 0.024931 0.024931 0.041551 0.004219
1.688.13B.X:15205018-15205378 0.270833 0.013850 0.002770 0.005540 0.008310 0.011080 0.016620 0.024931 0.000000 0.000000 0.022161 0.004219
1.688.13B.X:15205379-15205739 0.270833 0.013850 0.002770 0.005540 0.008310 0.011080 0.016620 0.024931 0.000000 0.000000 0.022161 0.004219
1.688.13B.X:15205740-15206101 0.270833 0.036011 0.024931 0.027701 0.030471 0.033241 0.038781 0.041551 0.022161 0.022161 0.000000 0.033755
1.688.13B.X:15206102-15206338 0.541667 0.025316 0.004219 0.004219 0.008439 0.012658 0.004219 0.004219 0.004219 0.004219 0.033755 0.000000
