7
1.688.13B.X:15325055-15325326 0.000000 0.047794 0.058824 0.040441 0.047794 0.055147 0.584416
1.688.13B.X:15325333-15325687 0.047794 0.000000 0.025352 0.008451 0.014085 0.019718 0.311688
1.688.13B.X:15325688-15326048 0.058824 0.025352 0.000000 0.016620 0.011080 0.030471 0.207792
1.688.13B.X:15326049-15326409 0.040441 0.008451 0.016620 0.000000 0.005540 0.011080 0.220779
1.688.13B.X:15326410-15326770 0.047794 0.014085 0.011080 0.005540 0.000000 0.019391 0.220779
1.688.13B.X:15326771-15327131 0.055147 0.019718 0.030471 0.011080 0.019391 0.000000 0.220779
1.688.13B.X:15327132-15327208 0.584416 0.311688 0.207792 0.220779 0.220779 0.220779 0.000000
