7
1.688.9B.X:10372819-10373123 0.000000 0.327869 0.350820 0.334426 0.318033 0.327869 0.420690
1.688.9B.X:10373421-10373775 0.327869 0.000000 0.019718 0.005634 0.033803 0.016997 0.179310
1.688.9B.X:10373781-10374136 0.350820 0.019718 0.000000 0.019718 0.047887 0.031161 0.220690
1.688.9B.X:10374142-10374496 0.334426 0.005634 0.019718 0.000000 0.033803 0.016997 0.186207
1.688.9B.X:10374502-10374856 0.318033 0.033803 0.047887 0.033803 0.000000 0.025496 0.165517
1.688.9B.X:10375213-10375565 0.327869 0.016997 0.031161 0.016997 0.025496 0.000000 0.179310
1.688.9B.X:10375571-10375715 0.420690 0.179310 0.220690 0.186207 0.165517 0.179310 0.000000
