6
1.688.1A.X:264652-265002 0.000000 0.538462 0.131054 0.131054 0.128205 0.173789
1.688.1A.X:265029-265106 0.538462 0.000000 0.000000 0.000000 0.012821 0.153846
1.688.1A.X:265107-265464 0.131054 0.000000 0.000000 0.002793 0.005587 0.081006
1.688.1A.X:265465-265822 0.131054 0.000000 0.002793 0.000000 0.008380 0.083799
1.688.1A.X:265823-266180 0.128205 0.012821 0.005587 0.008380 0.000000 0.083799
1.688.1A.X:266181-266539 0.173789 0.153846 0.081006 0.083799 0.083799 0.000000
