9
1.688.1A.X:270220-270549 0.000000 0.115152 0.075758 0.106061 0.109091 0.075758 0.115152 0.112121 0.218750
1.688.1A.X:270550-270907 0.115152 0.000000 0.085227 0.095238 0.005587 0.085227 0.097765 0.103352 0.164062
1.688.1A.X:270912-271263 0.075758 0.085227 0.000000 0.034091 0.088068 0.000000 0.073864 0.090909 0.191406
1.688.1A.X:271264-271620 0.106061 0.095238 0.034091 0.000000 0.089636 0.034091 0.039216 0.112045 0.203125
1.688.1A.X:271621-271978 0.109091 0.005587 0.088068 0.089636 0.000000 0.088068 0.092179 0.103352 0.164062
1.688.1A.X:271983-272334 0.075758 0.085227 0.000000 0.034091 0.088068 0.000000 0.073864 0.090909 0.191406
1.688.1A.X:272335-272692 0.115152 0.097765 0.073864 0.039216 0.092179 0.073864 0.000000 0.114525 0.214844
1.688.1A.X:272697-273079 0.112121 0.103352 0.090909 0.112045 0.103352 0.090909 0.114525 0.000000 0.261719
1.688.1A.X:273184-273439 0.218750 0.164062 0.191406 0.203125 0.164062 0.191406 0.214844 0.261719 0.000000
