23
1.688.13E.X:15786852-15787054 0.000000 0.142857 0.142857 0.142857 0.142857 0.142857 0.142857 0.137931 0.142857 0.142857 0.147783 0.137931 0.147783 0.137931 0.600000 0.172414 0.133005 0.137931 0.137931 0.167488 0.162562 0.137931 0.256158
1.688.13E.X:15787070-15787389 0.142857 0.000000 0.003125 0.021875 0.021875 0.021875 0.021875 0.018750 0.021875 0.034375 0.018750 0.018750 0.034375 0.018750 0.573333 0.052402 0.012500 0.018750 0.018750 0.034375 0.071875 0.015625 0.096875
1.688.13E.X:15787390-15787750 0.142857 0.003125 0.000000 0.016854 0.039326 0.019391 0.019391 0.036517 0.039326 0.107649 0.027778 0.016620 0.027778 0.016620 0.026667 0.052402 0.011080 0.013850 0.030556 0.027778 0.061453 0.025000 0.041298
1.688.13E.X:15787756-15788111 0.142857 0.021875 0.016854 0.000000 0.042135 0.016854 0.002809 0.039326 0.042135 0.116147 0.016854 0.005618 0.022472 0.005618 0.080000 0.052402 0.011236 0.002809 0.022472 0.022472 0.070225 0.014045 0.041298
1.688.13E.X:15788112-15788467 0.142857 0.021875 0.039326 0.042135 0.000000 0.033708 0.025281 0.002809 0.000000 0.067989 0.044944 0.022472 0.039326 0.022472 0.160000 0.052402 0.028090 0.025281 0.028090 0.039326 0.084270 0.042135 0.070796
1.688.13E.X:15788468-15788828 0.142857 0.021875 0.019391 0.016854 0.033708 0.000000 0.013850 0.030899 0.033708 0.116147 0.033333 0.011080 0.022222 0.011080 0.000000 0.048035 0.011080 0.013850 0.025000 0.022222 0.055866 0.027778 0.044248
1.688.13E.X:15788829-15789189 0.142857 0.021875 0.019391 0.002809 0.025281 0.013850 0.000000 0.022472 0.025281 0.116147 0.022222 0.002770 0.016667 0.002770 0.000000 0.052402 0.008310 0.005540 0.016667 0.016667 0.055866 0.019444 0.035398
1.688.13E.X:15789190-15789545 0.137931 0.018750 0.036517 0.039326 0.002809 0.030899 0.022472 0.000000 0.002809 0.065156 0.042135 0.019663 0.036517 0.019663 0.160000 0.048035 0.025281 0.022472 0.025281 0.036517 0.081461 0.039326 0.067847
1.688.13E.X:15789546-15789901 0.142857 0.021875 0.039326 0.042135 0.000000 0.033708 0.025281 0.002809 0.000000 0.067989 0.044944 0.022472 0.039326 0.022472 0.160000 0.052402 0.028090 0.025281 0.028090 0.039326 0.084270 0.042135 0.070796
1.688.13E.X:15789902-15790254 0.142857 0.034375 0.107649 0.116147 0.067989 0.116147 0.116147 0.065156 0.067989 0.000000 0.121813 0.113314 0.127479 0.113314 0.186667 0.052402 0.116147 0.113314 0.045326 0.127479 0.118980 0.118980 0.159292
1.688.13E.X:15790255-15790614 0.147783 0.018750 0.027778 0.016854 0.044944 0.033333 0.022222 0.042135 0.044944 0.121813 0.000000 0.019444 0.036111 0.019444 0.093333 0.052402 0.019444 0.019444 0.036111 0.036111 0.075419 0.002778 0.017699
1.688.13E.X:15790615-15790975 0.137931 0.018750 0.016620 0.005618 0.022472 0.011080 0.002770 0.019663 0.022472 0.113314 0.019444 0.000000 0.013889 0.000000 0.000000 0.048035 0.005540 0.002770 0.013889 0.013889 0.053073 0.016667 0.032448
1.688.13E.X:15790976-15791335 0.147783 0.034375 0.027778 0.022472 0.039326 0.022222 0.016667 0.036517 0.039326 0.127479 0.036111 0.013889 0.000000 0.013889 0.000000 0.026201 0.016667 0.016667 0.030556 0.030556 0.067039 0.033333 0.050147
1.688.13E.X:15791336-15791696 0.137931 0.018750 0.016620 0.005618 0.022472 0.011080 0.002770 0.019663 0.022472 0.113314 0.019444 0.000000 0.013889 0.000000 0.000000 0.048035 0.005540 0.002770 0.013889 0.013889 0.053073 0.016667 0.032448
1.688.13E.X:15791697-15791771 0.600000 0.573333 0.026667 0.080000 0.160000 0.000000 0.000000 0.160000 0.160000 0.186667 0.093333 0.000000 0.000000 0.000000 0.000000 0.640000 0.013333 0.013333 0.080000 0.000000 0.040000 0.093333 0.093333
1.688.13E.X:15791774-15792002 0.172414 0.052402 0.052402 0.052402 0.052402 0.048035 0.052402 0.048035 0.052402 0.052402 0.052402 0.048035 0.026201 0.048035 0.640000 0.000000 0.048035 0.048035 0.048035 0.069869 0.096070 0.048035 0.161572
1.688.13E.X:15792003-15792363 0.133005 0.012500 0.011080 0.011236 0.028090 0.011080 0.008310 0.025281 0.028090 0.116147 0.019444 0.005540 0.016667 0.005540 0.013333 0.048035 0.000000 0.008310 0.019444 0.019444 0.053073 0.016667 0.032448
1.688.13E.X:15792364-15792724 0.137931 0.018750 0.013850 0.002809 0.025281 0.013850 0.005540 0.022472 0.025281 0.113314 0.019444 0.002770 0.016667 0.002770 0.013333 0.048035 0.008310 0.000000 0.016667 0.016667 0.058659 0.016667 0.032448
1.688.13E.X:15792725-15793084 0.137931 0.018750 0.030556 0.022472 0.028090 0.025000 0.016667 0.025281 0.028090 0.045326 0.036111 0.013889 0.030556 0.013889 0.080000 0.048035 0.019444 0.016667 0.000000 0.030556 0.067039 0.033333 0.050147
1.688.13E.X:15793085-15793444 0.167488 0.034375 0.027778 0.022472 0.039326 0.022222 0.016667 0.036517 0.039326 0.127479 0.036111 0.013889 0.030556 0.013889 0.000000 0.069869 0.019444 0.016667 0.030556 0.000000 0.039106 0.033333 0.050147
1.688.13E.X:15793445-15793802 0.162562 0.071875 0.061453 0.070225 0.084270 0.055866 0.055866 0.081461 0.084270 0.118980 0.075419 0.053073 0.067039 0.053073 0.040000 0.096070 0.053073 0.058659 0.067039 0.039106 0.000000 0.072626 0.097345
1.688.13E.X:15793803-15794162 0.137931 0.015625 0.025000 0.014045 0.042135 0.027778 0.019444 0.039326 0.042135 0.118980 0.002778 0.016667 0.033333 0.016667 0.093333 0.048035 0.016667 0.016667 0.033333 0.033333 0.072626 0.000000 0.014749
1.688.13E.X:15794163-15794501 0.256158 0.096875 0.041298 0.041298 0.070796 0.044248 0.035398 0.067847 0.070796 0.159292 0.017699 0.032448 0.050147 0.032448 0.093333 0.161572 0.032448 0.032448 0.050147 0.050147 0.097345 0.014749 0.000000
