7
1.688.7D.X:8078431-8078777 0.000000 0.051873 0.005764 0.057637 0.002882 0.063584 0.122093
1.688.7D.X:8078791-8079138 0.051873 0.000000 0.054755 0.002874 0.048991 0.040462 0.040698
1.688.7D.X:8079152-8079498 0.005764 0.054755 0.000000 0.057637 0.002882 0.066474 0.139535
1.688.7D.X:8079512-8079859 0.057637 0.002874 0.057637 0.000000 0.051873 0.043353 0.052326
1.688.7D.X:8079873-8080219 0.002882 0.048991 0.002882 0.051873 0.000000 0.060694 0.127907
1.688.7D.X:8080233-8080578 0.063584 0.040462 0.066474 0.043353 0.060694 0.000000 0.081395
1.688.7D.X:8080592-8080763 0.122093 0.040698 0.139535 0.052326 0.127907 0.081395 0.000000
