7
1.688.12A.X:13490722-13491025 0.000000 0.072368 0.098684 0.088816 0.184211 0.042763 0.243636
1.688.12A.X:13491026-13491386 0.072368 0.000000 0.047222 0.033241 0.097484 0.085873 0.076364
1.688.12A.X:13491387-13491746 0.098684 0.047222 0.000000 0.044444 0.125786 0.113889 0.109091
1.688.12A.X:13491747-13492107 0.088816 0.033241 0.044444 0.000000 0.116352 0.105263 0.101818
1.688.12A.X:13492108-13492425 0.184211 0.097484 0.125786 0.116352 0.000000 0.006289 0.047273
1.688.12A.X:13492445-13492806 0.042763 0.085873 0.113889 0.105263 0.006289 0.000000 0.047273
1.688.12A.X:13492807-13493081 0.243636 0.076364 0.109091 0.101818 0.047273 0.047273 0.000000
