8
1.688.6C.X:6737256-6737406 0.000000 0.092715 0.039735 0.079470 0.072848 0.092715 0.039735 0.716312
1.688.6C.X:6737459-6737773 0.092715 0.000000 0.035032 0.009524 0.015873 0.000000 0.035032 0.212766
1.688.6C.X:6737818-6738131 0.039735 0.035032 0.000000 0.028662 0.035032 0.035032 0.000000 0.212766
1.688.6C.X:6738176-6738490 0.079470 0.009524 0.028662 0.000000 0.012698 0.009524 0.028662 0.219858
1.688.6C.X:6738536-6738850 0.072848 0.015873 0.035032 0.012698 0.000000 0.015873 0.035032 0.234043
1.688.6C.X:6738896-6739210 0.092715 0.000000 0.035032 0.009524 0.015873 0.000000 0.035032 0.212766
1.688.6C.X:6739255-6739568 0.039735 0.035032 0.000000 0.028662 0.035032 0.035032 0.000000 0.212766
1.688.6C.X:6739613-6739753 0.716312 0.212766 0.212766 0.219858 0.234043 0.212766 0.212766 0.000000
