8
1.688.11A.X:12469879-12470236 0.000000 0.016807 0.000000 0.106145 0.000000 0.002793 0.000000 0.002793
1.688.11A.X:12470237-12470593 0.016807 0.000000 0.016807 0.120448 0.016807 0.014006 0.016807 0.022409
1.688.11A.X:12471307-12471664 0.000000 0.016807 0.000000 0.106145 0.000000 0.002793 0.000000 0.002793
1.688.11A.X:12471983-12472340 0.106145 0.120448 0.106145 0.000000 0.106145 0.106145 0.106145 0.108939
1.688.11A.X:12472736-12473093 0.000000 0.016807 0.000000 0.106145 0.000000 0.002793 0.000000 0.002793
1.688.11A.X:12473450-12473807 0.002793 0.014006 0.002793 0.106145 0.002793 0.000000 0.002793 0.008380
1.688.11A.X:12474165-12474522 0.000000 0.016807 0.000000 0.106145 0.000000 0.002793 0.000000 0.002793
1.688.11A.X:12474523-12474880 0.002793 0.022409 0.002793 0.108939 0.002793 0.008380 0.002793 0.000000
