6
1.688.4C.X:4644547-4644722 0.000000 0.250000 0.244318 0.704348 0.076923 0.739130
1.688.4C.X:4644736-4645079 0.250000 0.000000 0.063953 0.156522 0.076923 0.223602
1.688.4C.X:4645094-4645439 0.244318 0.063953 0.000000 0.052174 0.076923 0.192547
1.688.4C.X:4645454-4645568 0.704348 0.156522 0.052174 0.000000 0.615385 0.139130
1.688.4C.X:4645579-4645630 0.076923 0.076923 0.076923 0.615385 0.000000 0.519231
1.688.4C.X:4645645-4645805 0.739130 0.223602 0.192547 0.139130 0.519231 0.000000
