17
1.688.9E.X:10753692-10753764 0.000000 0.041096 0.383562 0.041096 0.041096 0.054795 0.054795 0.232877 0.219178 0.232877 0.246575 0.232877 0.232877 0.219178 0.054795 0.246575 0.726027
1.688.9E.X:10753789-10754154 0.041096 0.000000 0.039216 0.037175 0.013850 0.033898 0.033457 0.064516 0.130682 0.145299 0.047826 0.075145 0.130682 0.130682 0.033898 0.133523 0.123656
1.688.9E.X:10754157-10754462 0.383562 0.039216 0.000000 0.204461 0.045752 0.029412 0.200743 0.129032 0.039216 0.042484 0.078261 0.109827 0.026144 0.029412 0.029412 0.029412 0.145161
1.688.9E.X:10754482-10754750 0.041096 0.037175 0.204461 0.000000 0.033457 0.022305 0.026022 0.010753 0.148699 0.163569 0.039130 0.023121 0.152416 0.148699 0.022305 0.171004 0.580645
1.688.9E.X:10754756-10755116 0.041096 0.013850 0.045752 0.033457 0.000000 0.019774 0.037175 0.064516 0.142045 0.150997 0.052174 0.075145 0.136364 0.136364 0.019774 0.127841 0.150538
1.688.9E.X:10755122-10755475 0.054795 0.033898 0.029412 0.022305 0.019774 0.000000 0.011152 0.000000 0.130682 0.133903 0.026087 0.040462 0.119318 0.125000 0.000000 0.116477 0.150538
1.688.9E.X:10755803-10756071 0.054795 0.033457 0.200743 0.026022 0.037175 0.011152 0.000000 0.000000 0.171004 0.163569 0.013043 0.040462 0.167286 0.171004 0.011152 0.171004 0.591398
1.688.9E.X:10756426-10756518 0.232877 0.064516 0.129032 0.010753 0.064516 0.000000 0.000000 0.000000 0.010753 0.000000 0.010753 0.000000 0.000000 0.010753 0.000000 0.032258 0.741935
1.688.9E.X:10756763-10757114 0.219178 0.130682 0.039216 0.148699 0.142045 0.130682 0.171004 0.010753 0.000000 0.042735 0.043478 0.023121 0.017045 0.011364 0.130682 0.036932 0.134409
1.688.9E.X:10757122-10757472 0.232877 0.145299 0.042484 0.163569 0.150997 0.133903 0.163569 0.000000 0.042735 0.000000 0.034783 0.028902 0.025641 0.037037 0.133903 0.039886 0.177419
1.688.9E.X:10757480-10757709 0.246575 0.047826 0.078261 0.039130 0.052174 0.026087 0.013043 0.010753 0.043478 0.034783 0.000000 0.052023 0.039130 0.043478 0.026087 0.043478 0.596774
1.688.9E.X:10757714-10757886 0.232877 0.075145 0.109827 0.023121 0.075145 0.040462 0.040462 0.000000 0.023121 0.028902 0.052023 0.000000 0.017341 0.023121 0.040462 0.063584 0.710983
1.688.9E.X:10758131-10758482 0.232877 0.130682 0.026144 0.152416 0.136364 0.119318 0.167286 0.000000 0.017045 0.025641 0.039130 0.017341 0.000000 0.011364 0.119318 0.025568 0.129032
1.688.9E.X:10758727-10759078 0.219178 0.130682 0.029412 0.148699 0.136364 0.125000 0.171004 0.010753 0.011364 0.037037 0.043478 0.023121 0.011364 0.000000 0.125000 0.031250 0.134409
1.688.9E.X:10759123-10759476 0.054795 0.033898 0.029412 0.022305 0.019774 0.000000 0.011152 0.000000 0.130682 0.133903 0.026087 0.040462 0.119318 0.125000 0.000000 0.116477 0.150538
1.688.9E.X:10759804-10760155 0.246575 0.133523 0.029412 0.171004 0.127841 0.116477 0.171004 0.032258 0.036932 0.039886 0.043478 0.063584 0.025568 0.031250 0.116477 0.000000 0.134409
1.688.9E.X:10760233-10760418 0.726027 0.123656 0.145161 0.580645 0.150538 0.150538 0.591398 0.741935 0.134409 0.177419 0.596774 0.710983 0.129032 0.134409 0.150538 0.134409 0.000000
