12
1.688.1A.X:258544-258871 0.000000 0.003049 0.003049 0.000000 0.179487 0.115854 0.519231 0.142157 0.112805 0.128049 0.146341 0.100610
1.688.1A.X:258874-259229 0.003049 0.000000 0.002809 0.002809 0.179487 0.109551 0.096154 0.142157 0.106742 0.120787 0.137640 0.095506
1.688.1A.X:259232-259587 0.003049 0.002809 0.000000 0.005618 0.179487 0.106742 0.076923 0.142157 0.103933 0.117978 0.134831 0.092697
1.688.1A.X:259590-259945 0.000000 0.002809 0.005618 0.000000 0.179487 0.112360 0.096154 0.142157 0.109551 0.123596 0.140449 0.098315
1.688.1A.X:260293-260370 0.179487 0.179487 0.179487 0.179487 0.000000 0.012821 0.673077 0.038462 0.064103 0.076923 0.025641 0.166667
1.688.1A.X:260371-260728 0.115854 0.109551 0.106742 0.112360 0.012821 0.000000 0.019231 0.063725 0.055866 0.030726 0.041899 0.092179
1.688.1A.X:260731-260782 0.519231 0.096154 0.076923 0.096154 0.673077 0.019231 0.000000 0.596154 0.019231 0.038462 0.019231 0.019231
1.688.1A.X:260823-261026 0.142157 0.142157 0.142157 0.142157 0.038462 0.063725 0.596154 0.000000 0.078431 0.068627 0.063725 0.107843
1.688.1A.X:261027-261384 0.112805 0.106742 0.103933 0.109551 0.064103 0.055866 0.019231 0.078431 0.000000 0.064246 0.078212 0.100559
1.688.1A.X:261385-261742 0.128049 0.120787 0.117978 0.123596 0.076923 0.030726 0.038462 0.068627 0.064246 0.000000 0.072626 0.106145
1.688.1A.X:261743-262103 0.146341 0.137640 0.134831 0.140449 0.025641 0.041899 0.019231 0.063725 0.078212 0.072626 0.000000 0.066852
1.688.1A.X:262104-262462 0.100610 0.095506 0.092697 0.098315 0.166667 0.092179 0.019231 0.107843 0.100559 0.106145 0.066852 0.000000
