9
1.688.12E.X:14470359-14470610 0.000000 0.019841 0.027778 0.027778 0.027778 0.011905 0.003968 0.023810 0.206349
1.688.12E.X:14470617-14470971 0.019841 0.000000 0.022535 0.022535 0.022535 0.011268 0.011268 0.008451 0.019355
1.688.12E.X:14470978-14471332 0.027778 0.022535 0.000000 0.000000 0.000000 0.016901 0.016901 0.025352 0.032258
1.688.12E.X:14471339-14471693 0.027778 0.022535 0.000000 0.000000 0.000000 0.016901 0.016901 0.025352 0.032258
1.688.12E.X:14471700-14472054 0.027778 0.022535 0.000000 0.000000 0.000000 0.016901 0.016901 0.025352 0.032258
1.688.12E.X:14472061-14472415 0.011905 0.011268 0.016901 0.016901 0.016901 0.000000 0.005634 0.008451 0.012903
1.688.12E.X:14472422-14472776 0.003968 0.011268 0.016901 0.016901 0.016901 0.005634 0.000000 0.014085 0.019355
1.688.12E.X:14472783-14473137 0.023810 0.008451 0.025352 0.025352 0.025352 0.008451 0.014085 0.000000 0.009677
1.688.12E.X:14473144-14473453 0.206349 0.019355 0.032258 0.032258 0.032258 0.012903 0.019355 0.009677 0.000000
