3
RSP-LIKE.1A.X:258167-258193 0.000000 0.000000 0.000000
RSP-LIKE.1A.X:258194-258356 0.000000 0.000000 0.079755
RSP-LIKE.1A.X:258357-258520 0.000000 0.079755 0.000000
