4
RSP-LIKE.4A.X:3970254-3970412 0.000000 0.037736 0.006289 0.018868
RSP-LIKE.4A.X:3970418-3970578 0.037736 0.000000 0.031056 0.031056
RSP-LIKE.4A.X:3970584-3970744 0.006289 0.031056 0.000000 0.012422
RSP-LIKE.4A.X:3970750-3970910 0.018868 0.031056 0.012422 0.000000
