11
RSP-LIKE.3A.X:2624910-2625070 0.000000 0.031056 0.105590 0.086957 0.031056 0.043478 0.031056 0.105590 0.105590 0.031056 0.111111
RSP-LIKE.3A.X:2625071-2625234 0.031056 0.000000 0.079268 0.048780 0.000000 0.012195 0.000000 0.079268 0.079268 0.000000 0.000000
RSP-LIKE.3A.X:2625235-2625398 0.105590 0.079268 0.000000 0.030488 0.079268 0.091463 0.079268 0.000000 0.000000 0.079268 0.000000
RSP-LIKE.3A.X:2625399-2625562 0.086957 0.048780 0.030488 0.000000 0.048780 0.060976 0.048780 0.030488 0.030488 0.048780 0.000000
RSP-LIKE.3A.X:2625563-2625726 0.031056 0.000000 0.079268 0.048780 0.000000 0.012195 0.000000 0.079268 0.079268 0.000000 0.000000
RSP-LIKE.3A.X:2625727-2625890 0.043478 0.012195 0.091463 0.060976 0.012195 0.000000 0.012195 0.091463 0.091463 0.012195 0.000000
RSP-LIKE.3A.X:2625891-2626054 0.031056 0.000000 0.079268 0.048780 0.000000 0.012195 0.000000 0.079268 0.079268 0.000000 0.000000
RSP-LIKE.3A.X:2626055-2626218 0.105590 0.079268 0.000000 0.030488 0.079268 0.091463 0.079268 0.000000 0.000000 0.079268 0.000000
RSP-LIKE.3A.X:2626219-2626382 0.105590 0.079268 0.000000 0.030488 0.079268 0.091463 0.079268 0.000000 0.000000 0.079268 0.000000
RSP-LIKE.3A.X:2626383-2626546 0.031056 0.000000 0.079268 0.048780 0.000000 0.012195 0.000000 0.079268 0.079268 0.000000 0.000000
RSP-LIKE.3A.X:2626547-2626573 0.111111 0.000000 0.000000 0.000000 0.000000 0.000000 0.000000 0.000000 0.000000 0.000000 0.000000
