11
RSP-LIKE.11D.X:12993949-12994111 0.000000 0.067485 0.153374 0.055215 0.067485 0.055215 0.061350 0.085890 0.061350 0.061350 0.075342
RSP-LIKE.11D.X:12994112-12994275 0.067485 0.000000 0.128049 0.030488 0.042683 0.030488 0.024390 0.060976 0.036585 0.036585 0.034247
RSP-LIKE.11D.X:12994276-12994439 0.153374 0.128049 0.000000 0.121951 0.121951 0.121951 0.128049 0.146341 0.115854 0.115854 0.130137
RSP-LIKE.11D.X:12994440-12994603 0.055215 0.030488 0.121951 0.000000 0.024390 0.000000 0.030488 0.054878 0.030488 0.030488 0.013699
RSP-LIKE.11D.X:12994604-12994767 0.067485 0.042683 0.121951 0.024390 0.000000 0.024390 0.042683 0.054878 0.018293 0.030488 0.006849
RSP-LIKE.11D.X:12994768-12994931 0.055215 0.030488 0.121951 0.000000 0.024390 0.000000 0.030488 0.054878 0.030488 0.030488 0.013699
RSP-LIKE.11D.X:12994932-12995095 0.061350 0.024390 0.128049 0.030488 0.042683 0.030488 0.000000 0.060976 0.036585 0.036585 0.027397
RSP-LIKE.11D.X:12995096-12995266 0.085890 0.060976 0.146341 0.054878 0.054878 0.054878 0.060976 0.000000 0.048780 0.048780 0.054795
RSP-LIKE.11D.X:12995267-12995430 0.061350 0.036585 0.115854 0.030488 0.018293 0.030488 0.036585 0.048780 0.000000 0.024390 0.006849
RSP-LIKE.11D.X:12995431-12995594 0.061350 0.036585 0.115854 0.030488 0.030488 0.030488 0.036585 0.048780 0.024390 0.000000 0.027397
RSP-LIKE.11D.X:12995595-12995740 0.075342 0.034247 0.130137 0.013699 0.006849 0.013699 0.027397 0.054795 0.006849 0.027397 0.000000
