14
RSP-LIKE.1A.X:262488-262514 0.000000 0.000000 0.000000 0.037037 0.037037 0.037037 0.037037 0.074074 0.000000 0.037037 0.037037 0.000000 0.037037 0.592593
RSP-LIKE.1A.X:262515-262678 0.000000 0.000000 0.048780 0.115854 0.121951 0.109756 0.128049 0.115854 0.115854 0.060976 0.109756 0.115854 0.060976 0.065217
RSP-LIKE.1A.X:262679-262842 0.000000 0.048780 0.000000 0.109756 0.115854 0.109756 0.128049 0.115854 0.115854 0.024390 0.079268 0.115854 0.024390 0.021739
RSP-LIKE.1A.X:262843-263006 0.037037 0.115854 0.109756 0.000000 0.006098 0.048780 0.030488 0.048780 0.030488 0.103659 0.060976 0.030488 0.103659 0.108696
RSP-LIKE.1A.X:263007-263170 0.037037 0.121951 0.115854 0.006098 0.000000 0.054878 0.036585 0.054878 0.036585 0.109756 0.067073 0.036585 0.109756 0.115942
RSP-LIKE.1A.X:263171-263334 0.037037 0.109756 0.109756 0.048780 0.054878 0.000000 0.048780 0.006098 0.036585 0.109756 0.030488 0.036585 0.109756 0.108696
RSP-LIKE.1A.X:263335-263498 0.037037 0.128049 0.128049 0.030488 0.036585 0.048780 0.000000 0.054878 0.012195 0.109756 0.079268 0.012195 0.109756 0.130435
RSP-LIKE.1A.X:263499-263662 0.074074 0.115854 0.115854 0.048780 0.054878 0.006098 0.054878 0.000000 0.042683 0.115854 0.036585 0.042683 0.115854 0.108696
RSP-LIKE.1A.X:263663-263826 0.000000 0.115854 0.115854 0.030488 0.036585 0.036585 0.012195 0.042683 0.000000 0.097561 0.067073 0.000000 0.097561 0.123188
RSP-LIKE.1A.X:263827-263990 0.037037 0.060976 0.024390 0.103659 0.109756 0.109756 0.109756 0.115854 0.097561 0.000000 0.091463 0.097561 0.000000 0.028986
RSP-LIKE.1A.X:263991-264154 0.037037 0.109756 0.079268 0.060976 0.067073 0.030488 0.079268 0.036585 0.067073 0.091463 0.000000 0.067073 0.091463 0.072464
RSP-LIKE.1A.X:264155-264318 0.000000 0.115854 0.115854 0.030488 0.036585 0.036585 0.012195 0.042683 0.000000 0.097561 0.067073 0.000000 0.097561 0.123188
RSP-LIKE.1A.X:264319-264482 0.037037 0.060976 0.024390 0.103659 0.109756 0.109756 0.109756 0.115854 0.097561 0.000000 0.091463 0.097561 0.000000 0.028986
RSP-LIKE.1A.X:264483-264620 0.592593 0.065217 0.021739 0.108696 0.115942 0.108696 0.130435 0.108696 0.123188 0.028986 0.072464 0.123188 0.028986 0.000000
