10
RSP-LIKE.1A.X:254313-254339 0.000000 0.000000 0.000000 0.000000 0.000000 0.000000 0.037037 0.000000 0.037037 0.000000
RSP-LIKE.1A.X:254340-254502 0.000000 0.000000 0.092025 0.098160 0.098160 0.085890 0.073620 0.134969 0.055215 0.134969
RSP-LIKE.1A.X:254503-254666 0.000000 0.092025 0.000000 0.030488 0.036585 0.054878 0.042683 0.085366 0.092025 0.085366
RSP-LIKE.1A.X:254667-254830 0.000000 0.098160 0.030488 0.000000 0.042683 0.060976 0.048780 0.073171 0.098160 0.073171
RSP-LIKE.1A.X:254831-254994 0.000000 0.098160 0.036585 0.042683 0.000000 0.060976 0.048780 0.079268 0.092025 0.079268
RSP-LIKE.1A.X:254995-255158 0.000000 0.085890 0.054878 0.060976 0.060976 0.000000 0.024390 0.115854 0.067485 0.115854
RSP-LIKE.1A.X:255159-255322 0.037037 0.073620 0.042683 0.048780 0.048780 0.024390 0.000000 0.097561 0.042945 0.097561
RSP-LIKE.1A.X:255323-255486 0.000000 0.134969 0.085366 0.073171 0.079268 0.115854 0.097561 0.000000 0.147239 0.000000
RSP-LIKE.1A.X:255487-255649 0.037037 0.055215 0.092025 0.098160 0.092025 0.067485 0.042945 0.147239 0.000000 0.147239
RSP-LIKE.1A.X:255650-255813 0.000000 0.134969 0.085366 0.073171 0.079268 0.115854 0.097561 0.000000 0.147239 0.000000
