15
RSP-LIKE.11C.X:12777817-12777907 0.000000 0.043956 0.043956 0.065934 0.054945 0.142857 0.054945 0.043956 0.065934 0.043956 0.054945 0.065934 0.043956 0.065934 0.241758
RSP-LIKE.11C.X:12777908-12778071 0.043956 0.000000 0.012658 0.042683 0.036585 0.097561 0.060976 0.024390 0.030675 0.054878 0.036585 0.030675 0.054878 0.036810 0.068493
RSP-LIKE.11C.X:12778076-12778233 0.043956 0.012658 0.000000 0.025316 0.018987 0.082278 0.044304 0.006329 0.018987 0.037975 0.018987 0.018987 0.037975 0.025316 0.095890
RSP-LIKE.11C.X:12778234-12778397 0.065934 0.042683 0.025316 0.000000 0.030488 0.091463 0.060976 0.018293 0.024540 0.054878 0.018293 0.024540 0.054878 0.018405 0.061644
RSP-LIKE.11C.X:12778398-12778561 0.054945 0.036585 0.018987 0.030488 0.000000 0.091463 0.048780 0.024390 0.030675 0.054878 0.036585 0.030675 0.054878 0.036810 0.054795
RSP-LIKE.11C.X:12778562-12778731 0.142857 0.097561 0.082278 0.091463 0.091463 0.000000 0.121951 0.085366 0.085890 0.121951 0.085366 0.085890 0.121951 0.079755 0.130137
RSP-LIKE.11C.X:12778733-12778896 0.054945 0.060976 0.044304 0.060976 0.048780 0.121951 0.000000 0.036585 0.042945 0.030488 0.042683 0.042945 0.030488 0.055215 0.041096
RSP-LIKE.11C.X:12778897-12779060 0.043956 0.024390 0.006329 0.018293 0.024390 0.085366 0.036585 0.000000 0.006135 0.030488 0.012195 0.006135 0.030488 0.012270 0.047945
RSP-LIKE.11C.X:12779061-12779223 0.065934 0.030675 0.018987 0.024540 0.030675 0.085890 0.042945 0.006135 0.000000 0.036810 0.018405 0.000000 0.036810 0.006135 0.047945
RSP-LIKE.11C.X:12779225-12779388 0.043956 0.054878 0.037975 0.054878 0.054878 0.121951 0.030488 0.030488 0.036810 0.000000 0.048780 0.036810 0.000000 0.049080 0.013699
RSP-LIKE.11C.X:12779389-12779552 0.054945 0.036585 0.018987 0.018293 0.036585 0.085366 0.042683 0.012195 0.018405 0.048780 0.000000 0.018405 0.048780 0.012270 0.068493
RSP-LIKE.11C.X:12779553-12779715 0.065934 0.030675 0.018987 0.024540 0.030675 0.085890 0.042945 0.006135 0.000000 0.036810 0.018405 0.000000 0.036810 0.006135 0.047945
RSP-LIKE.11C.X:12779717-12779880 0.043956 0.054878 0.037975 0.054878 0.054878 0.121951 0.030488 0.030488 0.036810 0.000000 0.048780 0.036810 0.000000 0.049080 0.013699
RSP-LIKE.11C.X:12779881-12780043 0.065934 0.036810 0.025316 0.018405 0.036810 0.079755 0.055215 0.012270 0.006135 0.049080 0.012270 0.006135 0.049080 0.000000 0.061644
RSP-LIKE.11C.X:12780045-12780190 0.241758 0.068493 0.095890 0.061644 0.054795 0.130137 0.041096 0.047945 0.047945 0.013699 0.068493 0.047945 0.013699 0.061644 0.000000
