11
RSP-LIKE.12E.X:14425869-14426030 0.000000 0.043210 0.006173 0.043210 0.006173 0.043210 0.037037 0.000000 0.037037 0.089552 0.116667
RSP-LIKE.12E.X:14426033-14426196 0.043210 0.000000 0.036585 0.012195 0.036585 0.012195 0.018293 0.043210 0.024691 0.000000 0.016667
RSP-LIKE.12E.X:14426197-14426360 0.006173 0.036585 0.000000 0.036585 0.000000 0.036585 0.042683 0.006173 0.043210 0.089552 0.116667
RSP-LIKE.12E.X:14426361-14426524 0.043210 0.012195 0.036585 0.000000 0.036585 0.000000 0.006098 0.043210 0.037037 0.029851 0.066667
RSP-LIKE.12E.X:14426525-14426688 0.006173 0.036585 0.000000 0.036585 0.000000 0.036585 0.042683 0.006173 0.043210 0.089552 0.116667
RSP-LIKE.12E.X:14426689-14426852 0.043210 0.012195 0.036585 0.000000 0.036585 0.000000 0.006098 0.043210 0.037037 0.029851 0.066667
RSP-LIKE.12E.X:14426853-14427016 0.037037 0.018293 0.042683 0.006098 0.042683 0.006098 0.000000 0.037037 0.030864 0.029851 0.066667
RSP-LIKE.12E.X:14427017-14427178 0.000000 0.043210 0.006173 0.043210 0.006173 0.043210 0.037037 0.000000 0.037037 0.089552 0.116667
RSP-LIKE.12E.X:14427181-14427342 0.037037 0.024691 0.043210 0.037037 0.043210 0.037037 0.030864 0.037037 0.000000 0.014925 0.033333
RSP-LIKE.12E.X:14427345-14427411 0.089552 0.000000 0.089552 0.029851 0.089552 0.029851 0.029851 0.089552 0.014925 0.000000 0.016667
RSP-LIKE.12E.X:14427427-14427486 0.116667 0.016667 0.116667 0.066667 0.116667 0.066667 0.066667 0.116667 0.033333 0.016667 0.000000
