20
RSP-LIKE.3A.X:2379195-2379315 0.000000 0.553398 0.305785 0.297521 0.280992 0.289256 0.305785 0.338843 0.330579 0.305785 0.297521 0.289256 0.322314 0.305785 0.289256 0.322314 0.289256 0.330579 0.305785 0.305785
RSP-LIKE.3A.X:2380008-2380110 0.553398 0.000000 0.145631 0.116505 0.106796 0.106796 0.145631 0.174757 0.106796 0.155340 0.116505 0.145631 0.116505 0.097087 0.145631 0.116505 0.145631 0.116505 0.145631 0.553398
RSP-LIKE.3A.X:2380111-2380274 0.305785 0.145631 0.000000 0.060976 0.030488 0.024390 0.000000 0.092025 0.055215 0.086420 0.030488 0.030488 0.042683 0.036585 0.030488 0.042683 0.030488 0.048780 0.036585 0.266667
RSP-LIKE.3A.X:2380275-2380438 0.297521 0.116505 0.060976 0.000000 0.042683 0.036585 0.060976 0.030675 0.067485 0.055556 0.042683 0.067073 0.054878 0.048780 0.067073 0.054878 0.067073 0.060976 0.073171 0.251852
RSP-LIKE.3A.X:2380439-2380602 0.280992 0.106796 0.030488 0.042683 0.000000 0.006098 0.030488 0.073620 0.030675 0.067901 0.012195 0.036585 0.024390 0.018293 0.036585 0.024390 0.036585 0.036585 0.042683 0.251852
RSP-LIKE.3A.X:2380603-2380766 0.289256 0.106796 0.024390 0.036585 0.006098 0.000000 0.024390 0.067485 0.030675 0.061728 0.006098 0.030488 0.018293 0.012195 0.030488 0.018293 0.030488 0.024390 0.036585 0.244444
RSP-LIKE.3A.X:2380767-2380930 0.305785 0.145631 0.000000 0.060976 0.030488 0.024390 0.000000 0.092025 0.055215 0.086420 0.030488 0.030488 0.042683 0.036585 0.030488 0.042683 0.030488 0.048780 0.036585 0.266667
RSP-LIKE.3A.X:2380931-2381093 0.338843 0.174757 0.092025 0.030675 0.073620 0.067485 0.092025 0.000000 0.104294 0.092593 0.073620 0.098160 0.085890 0.079755 0.098160 0.085890 0.098160 0.092025 0.104294 0.296296
RSP-LIKE.3A.X:2381094-2381256 0.330579 0.106796 0.055215 0.067485 0.030675 0.030675 0.055215 0.104294 0.000000 0.098765 0.036810 0.061350 0.049080 0.042945 0.061350 0.049080 0.061350 0.049080 0.067485 0.288889
RSP-LIKE.3A.X:2381257-2381418 0.305785 0.155340 0.086420 0.055556 0.067901 0.061728 0.086420 0.092593 0.098765 0.000000 0.067901 0.080247 0.080247 0.061728 0.080247 0.080247 0.080247 0.086420 0.086420 0.244444
RSP-LIKE.3A.X:2381419-2381582 0.297521 0.116505 0.030488 0.042683 0.012195 0.006098 0.030488 0.073620 0.036810 0.067901 0.000000 0.036585 0.024390 0.018293 0.036585 0.024390 0.036585 0.030488 0.042683 0.244444
RSP-LIKE.3A.X:2381583-2381746 0.289256 0.145631 0.030488 0.067073 0.036585 0.030488 0.030488 0.098160 0.061350 0.080247 0.036585 0.000000 0.048780 0.030488 0.000000 0.048780 0.000000 0.054878 0.018293 0.222222
RSP-LIKE.3A.X:2381747-2381910 0.322314 0.116505 0.042683 0.054878 0.024390 0.018293 0.042683 0.085890 0.049080 0.080247 0.024390 0.048780 0.000000 0.030488 0.048780 0.000000 0.048780 0.018293 0.054878 0.266667
RSP-LIKE.3A.X:2381911-2382074 0.305785 0.097087 0.036585 0.048780 0.018293 0.012195 0.036585 0.079755 0.042945 0.061728 0.018293 0.030488 0.030488 0.000000 0.030488 0.030488 0.030488 0.036585 0.036585 0.251852
RSP-LIKE.3A.X:2382075-2382238 0.289256 0.145631 0.030488 0.067073 0.036585 0.030488 0.030488 0.098160 0.061350 0.080247 0.036585 0.000000 0.048780 0.030488 0.000000 0.048780 0.000000 0.054878 0.018293 0.222222
RSP-LIKE.3A.X:2382239-2382402 0.322314 0.116505 0.042683 0.054878 0.024390 0.018293 0.042683 0.085890 0.049080 0.080247 0.024390 0.048780 0.000000 0.030488 0.048780 0.000000 0.048780 0.018293 0.054878 0.266667
RSP-LIKE.3A.X:2382403-2382566 0.289256 0.145631 0.030488 0.067073 0.036585 0.030488 0.030488 0.098160 0.061350 0.080247 0.036585 0.000000 0.048780 0.030488 0.000000 0.048780 0.000000 0.054878 0.018293 0.222222
RSP-LIKE.3A.X:2382567-2382730 0.330579 0.116505 0.048780 0.060976 0.036585 0.024390 0.048780 0.092025 0.049080 0.086420 0.030488 0.054878 0.018293 0.036585 0.054878 0.018293 0.054878 0.000000 0.060976 0.266667
RSP-LIKE.3A.X:2382731-2382894 0.305785 0.145631 0.036585 0.073171 0.042683 0.036585 0.036585 0.104294 0.067485 0.086420 0.042683 0.018293 0.054878 0.036585 0.018293 0.054878 0.018293 0.060976 0.000000 0.237037
RSP-LIKE.3A.X:2382896-2383030 0.305785 0.553398 0.266667 0.251852 0.251852 0.244444 0.266667 0.296296 0.288889 0.244444 0.244444 0.222222 0.266667 0.251852 0.222222 0.266667 0.222222 0.266667 0.237037 0.000000
