6
RSP-LIKE.5D.X:6190624-6190782 0.000000 0.089744 0.056604 0.108974 0.062893 0.052980
RSP-LIKE.5D.X:6190790-6190945 0.089744 0.000000 0.121795 0.032051 0.115385 0.112583
RSP-LIKE.5D.X:6190957-6191119 0.056604 0.121795 0.000000 0.128205 0.030675 0.019868
RSP-LIKE.5D.X:6191127-6191282 0.108974 0.032051 0.128205 0.000000 0.121795 0.105960
RSP-LIKE.5D.X:6191289-6191451 0.062893 0.115385 0.030675 0.121795 0.000000 0.039735
RSP-LIKE.5D.X:6191459-6191609 0.052980 0.112583 0.019868 0.105960 0.039735 0.000000
