4
RSP-LIKE.11D.X:13042463-13042626 0.000000 0.018293 0.054878 0.041096
RSP-LIKE.11D.X:13042627-13042790 0.018293 0.000000 0.060976 0.041096
RSP-LIKE.11D.X:13042791-13042954 0.054878 0.060976 0.000000 0.054795
RSP-LIKE.11D.X:13042955-13043100 0.041096 0.041096 0.054795 0.000000
