7
RSP-LIKE.1A.X:256190-256216 0.000000 0.000000 0.037037 0.000000 0.037037 0.000000 0.555556
RSP-LIKE.1A.X:256217-256380 0.000000 0.000000 0.103659 0.164634 0.067485 0.121951 0.137615
RSP-LIKE.1A.X:256381-256544 0.037037 0.103659 0.000000 0.097561 0.030675 0.054878 0.183486
RSP-LIKE.1A.X:256545-256708 0.000000 0.164634 0.097561 0.000000 0.128834 0.073171 0.256881
RSP-LIKE.1A.X:256709-256871 0.037037 0.067485 0.030675 0.128834 0.000000 0.085890 0.137615
RSP-LIKE.1A.X:256872-257035 0.000000 0.121951 0.054878 0.073171 0.085890 0.000000 0.192661
RSP-LIKE.1A.X:257036-257144 0.555556 0.137615 0.183486 0.256881 0.137615 0.192661 0.000000
